

1
13
13
9
9
5
5
2
2
14
14
10
10
6
6
3
3
15
15
11
11
7
7
4
4
16
16
12
12
8
2
2
14
14
10
10
6
6
3
3
15
15
11
11
7
7
4
4
16
16
12
12
8
8
5
5
1
1
13
13
9
3
3
15
15
11
11
7
7
4
4
16
16
12
12
8
8
5
5
1
1
13
13
9
9
6
6
2
2
14
14
10
4
4
16
16
12
12
8
8
5
5
1
1
13
13
9
9
6
6
2
2
14
14
10
10
7
7
3
3
15
15
11
5
5
1
1
13
13
9
9
6
6
2
2
14
14
10
10
7
7
3
3
15
15
11
11
8
8
4
4
16
16
12
6
6
2
2
14
14
10
10
7
7
3
3
15
15
11
11
8
8
4
4
16
16
12
12
9
9
5
5
1
1
13
7
7
3
3
15
15
11
11
8
8
4
4
16
16
12
12
9
9
5
5
1
1
13
13
10
10
6
6
2
2
14
8
8
4
4
16
16
12
12
9
9
5
5
1
1
13
13
10
10
6
6
2
2
14
14
11
11
7
7
3
3
15
9
9
5
5
1
1
13
13
10
10
6
6
2
2
14
14
11
11
7
7
3
3
15
15
12
12
8
8
4
4
16
10
10
6
6
2
2
14
14
11
11
7
7
3
3
15
15
12
12
8
8
4
4
16
16
13
13
9
9
5
5
1
11
11
7
7
3
3
15
15
12
12
8
8
4
4
16
16
13
13
9
9
5
5
1
1
14
14
10
10
6
6
2
12
12
8
8
4
4
16
16
13
13
9
9
5
5
1
1
14
14
10
10
6
6
2
2
15
15
11
11
7
7
3
1, 9
1, 9
13, 5
13, 5
1, 9
1, 9
13, 5
13, 5
2, 10
2, 10
14, 6
14, 6
2, 10
2, 10
14, 6
14, 6
3, 11
3, 11
15, 7
15, 7
3, 11
3, 11
15, 7
15, 7
4, 12
4, 12
16, 8
16, 8
4, 12
4, 12
16, 8
2, 10
2, 10
14, 6
14, 6
2, 10
2, 10
14, 6
14, 6
3, 11
3, 11
15, 7
15, 7
3, 11
3, 11
15, 7
15, 7
4, 12
4, 12
16, 8
16, 8
4, 12
4, 12
16, 8
16, 8
5, 13
5, 13
1, 9
1, 9
5, 13
5, 13
1, 9
3, 11
3, 11
15, 7
15, 7
3, 11
3, 11
15, 7
15, 7
4, 12
4, 12
16, 8
16, 8
4, 12
4, 12
16, 8
16, 8
5, 13
5, 13
1, 9
1, 9
5, 13
5, 13
1, 9
1, 9
6, 14
6, 14
2, 10
2, 10
6, 14
6, 14
2, 10
4, 12
4, 12
16, 8
16, 8
4, 12
4, 12
16, 8
16, 8
5, 13
5, 13
1, 9
1, 9
5, 13
5, 13
1, 9
1, 9
6, 14
6, 14
2, 10
2, 10
6, 14
6, 14
2, 10
2, 10
7, 15
7, 15
3, 11
3, 11
7, 15
7, 15
3, 11
5, 13
5, 13
1, 9
1, 9
5, 13
5, 13
1, 9
1, 9
6, 14
6, 14
2, 10
2, 10
6, 14
6, 14
2, 10
2, 10
7, 15
7, 15
3, 11
3, 11
7, 15
7, 15
3, 11
3, 11
8, 16
8, 16
4, 12
4, 12
8, 16
8, 16
4, 12
6, 14
6, 14
2, 10
2, 10
6, 14
6, 14
2, 10
2, 10
7, 15
7, 15
3, 11
3, 11
7, 15
7, 15
3, 11
3, 11
8, 16
8, 16
4, 12
4, 12
8, 16
8, 16
4, 12
4, 12
9, 1
9, 1
5, 13
5, 13
9, 1
9, 1
5, 13
7, 15
7, 15
3, 11
3, 11
7, 15
7, 15
3, 11
3, 11
8, 16
8, 16
4, 12
4, 12
8, 16
8, 16
4, 12
4, 12
9, 1
9, 1
5, 13
5, 13
9, 1
9, 1
5, 13
5, 13
10, 2
10, 2
6, 14
6, 14
10, 2
10, 2
6, 14
8, 16
8, 16
4, 12
4, 12
8, 16
8, 16
4, 12
4, 12
9, 1
9, 1
5, 13
5, 13
9, 1
9, 1
5, 13
5, 13
10, 2
10, 2
6, 14
6, 14
10, 2
10, 2
6, 14
6, 14
11, 3
11, 3
7, 15
7, 15
11, 3
11, 3
7, 15
9, 1
9, 1
5, 13
5, 13
9, 1
9, 1
5, 13
5, 13
10, 2
10, 2
6, 14
6, 14
10, 2
10, 2
6, 14
6, 14
11, 3
11, 3
7, 15
7, 15
11, 3
11, 3
7, 15
7, 15
12, 4
12, 4
8, 16
8, 16
12, 4
12, 4
8, 16
10, 2
10, 2
6, 14
6, 14
10, 2
10, 2
6, 14
6, 14
11, 3
11, 3
7, 15
7, 15
11, 3
11, 3
7, 15
7, 15
12, 4
12, 4
8, 16
8, 16
12, 4
12, 4
8, 16
8, 16
13, 5
13, 5
9, 1
9, 1
13, 5
13, 5
9, 1
11, 3
11, 3
7, 15
7, 15
11, 3
11, 3
7, 15
7, 15
12, 4
12, 4
8, 16
8, 16
12, 4
12, 4
8, 16
8, 16
13, 5
13, 5
9, 1
9, 1
13, 5
13, 5
9, 1
9, 1
14, 6
14, 6
10, 2
10, 2
14, 6
14, 6
10, 2
12, 4
12, 4
8, 16
8, 16
12, 4
12, 4
8, 16
8, 16
13, 5
13, 5
9, 1
9, 1
13, 5
13, 5
9, 1
9, 1
14, 6
14, 6
10, 2
10, 2
14, 6
14, 6
10, 2
10, 2
15, 7
15, 7
11, 3
11, 3
15, 7
15, 7
11, 3
1, 9, 13
1, 9, 13
13, 5, 9
13, 5, 9
1, 9, 5
1, 9, 5
13, 5, 1
13, 5, 1
2, 10, 14
2, 10, 14
14, 6, 10
14, 6, 10
2, 10, 6
2, 10, 6
14, 6, 2
14, 6, 2
3, 11, 15
3, 11, 15
15, 7, 11
15, 7, 11
3, 11, 7
3, 11, 7
15, 7, 3
15, 7, 3
4, 12, 16
4, 12, 16
16, 8, 12
16, 8, 12
4, 12, 8
4, 12, 8
16, 8, 4
2, 10, 14
2, 10, 14
14, 6, 10
14, 6, 10
2, 10, 6
2, 10, 6
14, 6, 2
14, 6, 2
3, 11, 15
3, 11, 15
15, 7, 11
15, 7, 11
3, 11, 7
3, 11, 7
15, 7, 3
15, 7, 3
4, 12, 16
4, 12, 16
16, 8, 12
16, 8, 12
4, 12, 8
4, 12, 8
16, 8, 4
16, 8, 4
5, 13, 1
5, 13, 1
1, 9, 13
1, 9, 13
5, 13, 9
5, 13, 9
1, 9, 5
3, 11, 15
3, 11, 15
15, 7, 11
15, 7, 11
3, 11, 7
3, 11, 7
15, 7, 3
15, 7, 3
4, 12, 16
4, 12, 16
16, 8, 12
16, 8, 12
4, 12, 8
4, 12, 8
16, 8, 4
16, 8, 4
5, 13, 1
5, 13, 1
1, 9, 13
1, 9, 13
5, 13, 9
5, 13, 9
1, 9, 5
1, 9, 5
6, 14, 2
6, 14, 2
2, 10, 14
2, 10, 14
6, 14, 10
6, 14, 10
2, 10, 6
4, 12, 16
4, 12, 16
16, 8, 12
16, 8, 12
4, 12, 8
4, 12, 8
16, 8, 4
16, 8, 4
5, 13, 1
5, 13, 1
1, 9, 13
1, 9, 13
5, 13, 9
5, 13, 9
1, 9, 5
1, 9, 5
6, 14, 2
6, 14, 2
2, 10, 14
2, 10, 14
6, 14, 10
6, 14, 10
2, 10, 6
2, 10, 6
7, 15, 3
7, 15, 3
3, 11, 15
3, 11, 15
7, 15, 11
7, 15, 11
3, 11, 7
5, 13, 1
5, 13, 1
1, 9, 13
1, 9, 13
5, 13, 9
5, 13, 9
1, 9, 5
1, 9, 5
6, 14, 2
6, 14, 2
2, 10, 14
2, 10, 14
6, 14, 10
6, 14, 10
2, 10, 6
2, 10, 6
7, 15, 3
7, 15, 3
3, 11, 15
3, 11, 15
7, 15, 11
7, 15, 11
3, 11, 7
3, 11, 7
8, 16, 4
8, 16, 4
4, 12, 16
4, 12, 16
8, 16, 12
8, 16, 12
4, 12, 8
6, 14, 2
6, 14, 2
2, 10, 14
2, 10, 14
6, 14, 10
6, 14, 10
2, 10, 6
2, 10, 6
7, 15, 3
7, 15, 3
3, 11, 15
3, 11, 15
7, 15, 11
7, 15, 11
3, 11, 7
3, 11, 7
8, 16, 4
8, 16, 4
4, 12, 16
4, 12, 16
8, 16, 12
8, 16, 12
4, 12, 8
4, 12, 8
9, 1, 5
9, 1, 5
5, 13, 1
5, 13, 1
9, 1, 13
9, 1, 13
5, 13, 9
7, 15, 3
7, 15, 3
3, 11, 15
3, 11, 15
7, 15, 11
7, 15, 11
3, 11, 7
3, 11, 7
8, 16, 4
8, 16, 4
4, 12, 16
4, 12, 16
8, 16, 12
8, 16, 12
4, 12, 8
4, 12, 8
9, 1, 5
9, 1, 5
5, 13, 1
5, 13, 1
9, 1, 13
9, 1, 13
5, 13, 9
5, 13, 9
10, 2, 6
10, 2, 6
6, 14, 2
6, 14, 2
10, 2, 14
10, 2, 14
6, 14, 10
8, 16, 4
8, 16, 4
4, 12, 16
4, 12, 16
8, 16, 12
8, 16, 12
4, 12, 8
4, 12, 8
9, 1, 5
9, 1, 5
5, 13, 1
5, 13, 1
9, 1, 13
9, 1, 13
5, 13, 9
5, 13, 9
10, 2, 6
10, 2, 6
6, 14, 2
6, 14, 2
10, 2, 14
10, 2, 14
6, 14, 10
6, 14, 10
11, 3, 7
11, 3, 7
7, 15, 3
7, 15, 3
11, 3, 15
11, 3, 15
7, 15, 11
9, 1, 5
9, 1, 5
5, 13, 1
5, 13, 1
9, 1, 13
9, 1, 13
5, 13, 9
5, 13, 9
10, 2, 6
10, 2, 6
6, 14, 2
6, 14, 2
10, 2, 14
10, 2, 14
6, 14, 10
6, 14, 10
11, 3, 7
11, 3, 7
7, 15, 3
7, 15, 3
11, 3, 15
11, 3, 15
7, 15, 11
7, 15, 11
12, 4, 8
12, 4, 8
8, 16, 4
8, 16, 4
12, 4, 16
12, 4, 16
8, 16, 12
10, 2, 6
10, 2, 6
6, 14, 2
6, 14, 2
10, 2, 14
10, 2, 14
6, 14, 10
6, 14, 10
11, 3, 7
11, 3, 7
7, 15, 3
7, 15, 3
11, 3, 15
11, 3, 15
7, 15, 11
7, 15, 11
12, 4, 8
12, 4, 8
8, 16, 4
8, 16, 4
12, 4, 16
12, 4, 16
8, 16, 12
8, 16, 12
13, 5, 9
13, 5, 9
9, 1, 5
9, 1, 5
13, 5, 1
13, 5, 1
9, 1, 13
11, 3, 7
11, 3, 7
7, 15, 3
7, 15, 3
11, 3, 15
11, 3, 15
7, 15, 11
7, 15, 11
12, 4, 8
12, 4, 8
8, 16, 4
8, 16, 4
12, 4, 16
12, 4, 16
8, 16, 12
8, 16, 12
13, 5, 9
13, 5, 9
9, 1, 5
9, 1, 5
13, 5, 1
13, 5, 1
9, 1, 13
9, 1, 13
14, 6, 10
14, 6, 10
10, 2, 6
10, 2, 6
14, 6, 2
14, 6, 2
10, 2, 14
12, 4, 8
12, 4, 8
8, 16, 4
8, 16, 4
12, 4, 16
12, 4, 16
8, 16, 12
8, 16, 12
13, 5, 9
13, 5, 9
9, 1, 5
9, 1, 5
13, 5, 1
13, 5, 1
9, 1, 13
9, 1, 13
14, 6, 10
14, 6, 10
10, 2, 6
10, 2, 6
14, 6, 2
14, 6, 2
10, 2, 14
10, 2, 14
15, 7, 11
15, 7, 11
11, 3, 7
11, 3, 7
15, 7, 3
15, 7, 3
11, 3, 15
1, 9, 13, 5
1, 9, 13, 5
1, 9, 13, 5
1, 9, 13, 5
1, 9, 13, 5
1, 9, 13, 5
1, 9, 13, 5
1, 9, 13, 5
2, 10, 14, 6
2, 10, 14, 6
2, 10, 14, 6
2, 10, 14, 6
2, 10, 14, 6
2, 10, 14, 6
2, 10, 14, 6
2, 10, 14, 6
3, 11, 15, 7
3, 11, 15, 7
3, 11, 15, 7
3, 11, 15, 7
3, 11, 15, 7
3, 11, 15, 7
3, 11, 15, 7
3, 11, 15, 7
4, 12, 16, 8
4, 12, 16, 8
4, 12, 16, 8
4, 12, 16, 8
4, 12, 16, 8
4, 12, 16, 8
4, 12, 16, 8
2, 10, 14, 6
2, 10, 14, 6
2, 10, 14, 6
2, 10, 14, 6
2, 10, 14, 6
2, 10, 14, 6
2, 10, 14, 6
2, 10, 14, 6
3, 11, 15, 7
3, 11, 15, 7
3, 11, 15, 7
3, 11, 15, 7
3, 11, 15, 7
3, 11, 15, 7
3, 11, 15, 7
3, 11, 15, 7
4, 12, 16, 8
4, 12, 16, 8
4, 12, 16, 8
4, 12, 16, 8
4, 12, 16, 8
4, 12, 16, 8
4, 12, 16, 8
4, 12, 16, 8
5, 13, 1, 9
5, 13, 1, 9
5, 13, 1, 9
5, 13, 1, 9
5, 13, 1, 9
5, 13, 1, 9
5, 13, 1, 9
3, 11, 15, 7
3, 11, 15, 7
3, 11, 15, 7
3, 11, 15, 7
3, 11, 15, 7
3, 11, 15, 7
3, 11, 15, 7
3, 11, 15, 7
4, 12, 16, 8
4, 12, 16, 8
4, 12, 16, 8
4, 12, 16, 8
4, 12, 16, 8
4, 12, 16, 8
4, 12, 16, 8
4, 12, 16, 8
5, 13, 1, 9
5, 13, 1, 9
5, 13, 1, 9
5, 13, 1, 9
5, 13, 1, 9
5, 13, 1, 9
5, 13, 1, 9
5, 13, 1, 9
6, 14, 2, 10
6, 14, 2, 10
6, 14, 2, 10
6, 14, 2, 10
6, 14, 2, 10
6, 14, 2, 10
6, 14, 2, 10
4, 12, 16, 8
4, 12, 16, 8
4, 12, 16, 8
4, 12, 16, 8
4, 12, 16, 8
4, 12, 16, 8
4, 12, 16, 8
4, 12, 16, 8
5, 13, 1, 9
5, 13, 1, 9
5, 13, 1, 9
5, 13, 1, 9
5, 13, 1, 9
5, 13, 1, 9
5, 13, 1, 9
5, 13, 1, 9
6, 14, 2, 10
6, 14, 2, 10
6, 14, 2, 10
6, 14, 2, 10
6, 14, 2, 10
6, 14, 2, 10
6, 14, 2, 10
6, 14, 2, 10
7, 15, 3, 11
7, 15, 3, 11
7, 15, 3, 11
7, 15, 3, 11
7, 15, 3, 11
7, 15, 3, 11
7, 15, 3, 11
5, 13, 1, 9
5, 13, 1, 9
5, 13, 1, 9
5, 13, 1, 9
5, 13, 1, 9
5, 13, 1, 9
5, 13, 1, 9
5, 13, 1, 9
6, 14, 2, 10
6, 14, 2, 10
6, 14, 2, 10
6, 14, 2, 10
6, 14, 2, 10
6, 14, 2, 10
6, 14, 2, 10
6, 14, 2, 10
7, 15, 3, 11
7, 15, 3, 11
7, 15, 3, 11
7, 15, 3, 11
7, 15, 3, 11
7, 15, 3, 11
7, 15, 3, 11
7, 15, 3, 11
8, 16, 4, 12
8, 16, 4, 12
8, 16, 4, 12
8, 16, 4, 12
8, 16, 12
8, 16, 12
8, 16, 4, 12
6, 14, 2, 10
6, 14, 2, 10
6, 14, 2, 10
6, 14, 2, 10
6, 14, 2, 10
6, 14, 2, 10
6, 14, 2, 10
6, 14, 2, 10
7, 15, 3, 11
7, 15, 3, 11
7, 15, 3, 11
7, 15, 3, 11
7, 15, 3, 11
7, 15, 3, 11
7, 15, 3, 11
7, 15, 3, 11
8, 16, 4, 12
8, 16, 4, 12
8, 16, 4, 12
8, 16, 4, 12
8, 16, 4, 12
8, 16, 4, 12
8, 16, 4, 12
8, 16, 4, 12
9, 1, 5, 13
9, 1, 5, 13
9, 1, 5, 13
9, 1, 5, 13
9, 1, 5, 13
9, 1, 5, 13
9, 1, 5, 13
7, 15, 3, 11
7, 15, 3, 11
7, 15, 3, 11
7, 15, 3, 11
7, 15, 3, 11
7, 15, 3, 11
7, 15, 3, 11
7, 15, 3, 11
8, 16, 4, 12
8, 16, 4, 12
8, 16, 4, 12
8, 16, 4, 12
8, 16, 4, 12
8, 16, 4, 12
8, 16, 4, 12
8, 16, 4, 12
9, 1, 5, 13
9, 1, 5, 13
9, 1, 5, 13
9, 1, 5, 13
9, 1, 5, 13
9, 1, 5, 13
9, 1, 5, 13
9, 1, 5, 13
10, 2, 6, 14
10, 2, 6, 14
10, 2, 6, 14
10, 2, 6, 14
10, 2, 6, 14
10, 2, 6, 14
10, 2, 6, 14
8, 16, 4, 12
8, 16, 4, 12
8, 16, 4, 12
8, 16, 4, 12
8, 16, 4, 12
8, 16, 4, 12
8, 16, 4, 12
8, 16, 4, 12
9, 1, 5, 13
9, 1, 5, 13
9, 1, 5, 13
9, 1, 5, 13
9, 1, 5, 13
9, 1, 5, 13
9, 1, 5, 13
9, 1, 5, 13
10, 2, 6, 14
10, 2, 6, 14
10, 2, 6, 14
10, 2, 6, 14
10, 2, 6, 14
10, 2, 6, 14
10, 2, 6, 14
10, 2, 6, 14
11, 3, 7, 15
11, 3, 7, 15
11, 3, 7, 15
11, 3, 7, 15
11, 3, 7, 15
11, 3, 7, 15
11, 3, 7, 15
9, 1, 5, 13
9, 1, 5, 13
9, 1, 5, 13
9, 1, 5, 13
9, 1, 5, 13
9, 1, 5, 13
9, 1, 5, 13
9, 1, 5, 13
10, 2, 6, 14
10, 2, 6, 14
10, 2, 6, 14
10, 2, 6, 14
10, 2, 6, 14
10, 2, 6, 14
10, 2, 6, 14
10, 2, 6, 14
11, 3, 7, 15
11, 3, 7, 15
11, 3, 7, 15
11, 3, 7, 15
11, 3, 7, 15
11, 3, 7, 15
11, 3, 7, 15
11, 3, 7, 15
12, 4, 8, 16
12, 4, 8, 16
12, 4, 8, 16
12, 4, 8, 16
12, 4, 8, 16
12, 4, 8, 16
12, 4, 8, 16
10, 2, 6, 14
10, 2, 6, 14
10, 2, 6, 14
10, 2, 6, 14
10, 2, 6, 14
10, 2, 6, 14
10, 2, 6, 14
10, 2, 6, 14
11, 3, 7, 15
11, 3, 7, 15
11, 3, 7, 15
11, 3, 7, 15
11, 3, 7, 15
11, 3, 7, 15
11, 3, 7, 15
11, 3, 7, 15
12, 4, 8, 16
12, 4, 8, 16
12, 4, 8, 16
12, 4, 8, 16
12, 4, 8, 16
12, 4, 8, 16
12, 4, 8, 16
12, 4, 8, 16
13, 5, 9, 1
13, 5, 9, 1
13, 5, 9, 1
13, 5, 9, 1
13, 5, 9, 1
13, 5, 9, 1
13, 5, 9, 1
11, 3, 7, 15
11, 3, 7, 15
11, 3, 7, 15
11, 3, 7, 15
11, 3, 7, 15
11, 3, 7, 15
11, 3, 7, 15
11, 3, 7, 15
12, 4, 8, 16
12, 4, 8, 16
12, 4, 8, 16
12, 4, 8, 16
12, 4, 8, 16
12, 4, 8, 16
12, 4, 8, 16
12, 4, 8, 16
13, 5, 9, 1
13, 5, 9, 1
13, 5, 9, 1
13, 5, 9, 1
13, 5, 9, 1
13, 5, 9, 1
13, 5, 9, 1
13, 5, 9, 1
14, 6, 10, 2
14, 6, 10, 2
14, 6, 10, 2
14, 6, 10, 2
14, 6, 10, 2
14, 6, 10, 2
14, 6, 10, 2
12, 4, 8, 16
12, 4, 8, 16
12, 4, 8, 16
12, 4, 8, 16
12, 4, 8, 16
12, 4, 8, 16
12, 4, 8, 16
12, 4, 8, 16
13, 5, 9, 1
13, 5, 9, 1
13, 5, 9, 1
13, 5, 9, 1
13, 5, 9, 1
13, 5, 9, 1
13, 5, 9, 1
13, 5, 9, 1
14, 6, 10, 2
14, 6, 10, 2
14, 6, 10, 2
14, 6, 10, 2
14, 6, 10, 2
14, 6, 10, 2
14, 6, 10, 2
14, 6, 10, 2
15, 7, 11, 3
15, 7, 11, 3
15, 7, 11, 3
15, 7, 11, 3
15, 7, 11, 3
15, 7, 11, 3
15, 7, 11, 3
1, 9, 13, 5, 2
1, 9, 13, 5, 2
1, 9, 13, 5, 14
1, 9, 13, 5, 14
1, 9, 13, 5, 10
1, 9, 13, 5, 10
1, 9, 13, 5, 6
1, 9, 13, 5, 6
2, 10, 14, 6, 3
2, 10, 14, 6, 3
2, 10, 14, 6, 15
2, 10, 14, 6, 15
2, 10, 14, 6, 11
2, 10, 14, 6, 11
2, 10, 14, 6, 7
2, 10, 14, 6, 7
2, 10, 14, 6, 3
2, 10, 14, 6, 3
2, 10, 14, 6, 15
2, 10, 14, 6, 15
2, 10, 14, 6, 11
2, 10, 14, 6, 11
2, 10, 14, 6, 7
2, 10, 14, 6, 7
3, 11, 15, 7, 4
3, 11, 15, 7, 4
3, 11, 15, 7, 16
3, 11, 15, 7, 16
3, 11, 15, 7, 12
3, 11, 15, 7, 12
3, 11, 15, 7, 8
3, 11, 15, 7, 8
3, 11, 15, 7, 4
3, 11, 15, 7, 4
3, 11, 15, 7, 16
3, 11, 15, 7, 16
3, 11, 15, 7, 12
3, 11, 15, 7, 12
3, 11, 15, 7, 8
3, 11, 15, 7, 8
4, 12, 16, 8, 5
4, 12, 16, 8, 5
4, 12, 16, 8, 1
4, 12, 16, 8, 1
4, 12, 16, 8, 13
4, 12, 16, 8, 13
4, 12, 16, 8, 9
4, 12, 16, 8, 9
4, 12, 16, 8, 5
4, 12, 16, 8, 5
4, 12, 16, 8, 1
4, 12, 16, 8, 1
4, 12, 16, 8, 13
4, 12, 16, 8, 13
4, 12, 16, 8, 9
4, 12, 16, 8, 9
5, 13, 1, 9, 6
5, 13, 1, 9, 6
5, 13, 1, 9, 2
5, 13, 1, 9, 2
5, 13, 1, 9, 14
5, 13, 1, 9, 14
5, 13, 1, 9, 10
5, 13, 1, 9, 10
5, 13, 1, 9, 6
5, 13, 1, 9, 6
5, 13, 1, 9, 2
5, 13, 1, 9, 2
5, 13, 1, 9, 14
5, 13, 1, 9, 14
5, 13, 1, 9, 10
5, 13, 1, 9, 10
6, 14, 2, 10, 7
6, 14, 2, 10, 7
6, 14, 2, 10, 3
6, 14, 2, 10, 3
6, 14, 2, 10, 15
6, 14, 2, 10, 15
6, 14, 2, 10, 11
6, 14, 2, 10, 11
6, 14, 2, 10, 7
6, 14, 2, 10, 7
6, 14, 2, 10, 3
6, 14, 2, 10, 3
6, 14, 2, 10, 15
6, 14, 2, 10, 15
6, 14, 2, 10, 11
6, 14, 2, 10, 11
7, 15, 3, 11, 8
7, 15, 3, 11, 8
7, 15, 3, 11, 4
7, 15, 3, 11, 4
7, 15, 3, 11, 16
7, 15, 3, 11, 16
7, 15, 3, 11, 12
7, 15, 3, 11, 12
7, 15, 3, 11, 8
7, 15, 3, 11, 8
7, 15, 3, 11, 4
7, 15, 3, 11, 4
7, 15, 3, 11, 16
7, 15, 3, 11, 16
7, 15, 3, 11, 12
7, 15, 3, 11, 12
8, 16, 4, 12, 9
8, 16, 4, 12, 9
8, 16, 4, 12, 5
8, 16, 4, 12, 5
8, 16, 4, 12, 1
8, 16, 4, 12, 1
8, 16, 4, 12, 13
8, 16, 4, 12, 13
8, 16, 4, 12, 9
8, 16, 4, 12, 9
8, 16, 4, 12, 5
8, 16, 4, 12, 5
8, 16, 4, 12, 1
8, 16, 4, 12, 1
8, 16, 4, 12, 13
8, 16, 4, 12, 13
9, 1, 5, 13, 10
9, 1, 5, 13, 10
9, 1, 5, 13, 6
9, 1, 5, 13, 6
9, 1, 5, 13, 2
9, 1, 5, 13, 2
9, 1, 5, 13, 14
9, 1, 5, 13, 14
9, 1, 5, 13, 10
9, 1, 5, 13, 10
9, 1, 5, 13, 6
9, 1, 5, 13, 6
9, 1, 5, 13, 2
9, 1, 5, 13, 2
9, 1, 5, 13, 14
9, 1, 5, 13, 14
10, 2, 6, 14, 11
10, 2, 6, 14, 11
10, 2, 6, 14, 7
10, 2, 6, 14, 7
10, 2, 6, 14, 3
10, 2, 6, 14, 3
10, 2, 6, 14, 15
10, 2, 6, 14, 15
10, 2, 6, 14, 11
10, 2, 6, 14, 11
10, 2, 6, 14, 7
10, 2, 6, 14, 7
10, 2, 6, 14, 3
10, 2, 6, 14, 3
10, 2, 6, 14, 15
10, 2, 6, 14, 15
11, 3, 7, 15, 12
11, 3, 7, 15, 12
11, 3, 7, 15, 8
11, 3, 7, 15, 8
11, 3, 7, 15, 4
11, 3, 7, 15, 4
11, 3, 7, 15, 16
11, 3, 7, 15, 16
11, 3, 7, 15, 12
11, 3, 7, 15, 12
11, 3, 7, 15, 8
11, 3, 7, 15, 8
11, 3, 7, 15, 4
11, 3, 7, 15, 4
11, 3, 7, 15, 16
11, 3, 7, 15, 16
12, 4, 8, 16, 13
12, 4, 8, 16, 13
12, 4, 8, 16, 9
12, 4, 8, 16, 9
12, 4, 8, 16, 5
12, 4, 8, 16, 5
12, 4, 8, 16, 1
12, 4, 8, 16, 1
12, 4, 8, 16, 13
12, 4, 8, 16, 13
12, 4, 8, 16, 9
12, 4, 8, 16, 9
12, 4, 8, 16, 5
12, 4, 8, 16, 5
12, 4, 8, 16, 1
12, 4, 8, 16, 1
13, 5, 9, 1, 14
13, 5, 9, 1, 14
13, 5, 9, 1, 10
13, 5, 9, 1, 10
13, 5, 9, 1, 6
13, 5, 9, 1, 6
13, 5, 9, 1, 2
13, 5, 9, 1, 2
3, 11, 15, 7, 4
3, 11, 15, 7, 4
3, 11, 15, 7, 16
3, 11, 15, 7, 16
3, 11, 15, 7, 12
3, 11, 15, 7, 12
3, 11, 15, 7, 8
3, 11, 15, 7, 8
4, 12, 16, 8, 1
4, 12, 16, 8, 1
4, 12, 16, 8, 13
4, 12, 16, 8, 13
4, 12, 16, 8, 9
4, 12, 16, 8, 9
4, 12, 16, 8, 5
4, 12, 16, 8, 5
4, 12, 16, 8, 5
4, 12, 16, 8, 1
4, 12, 16, 8, 1
4, 12, 16, 8, 13
4, 12, 16, 8, 13
4, 12, 16, 8, 9
4, 12, 16, 8, 9
5, 13, 1, 9, 2
5, 13, 1, 9, 2
5, 13, 1, 9, 14
5, 13, 1, 9, 14
5, 13, 1, 9, 10
5, 13, 1, 9, 10
5, 13, 1, 9, 6
5, 13, 1, 9, 6
5, 13, 1, 9, 6
5, 13, 1, 9, 2
5, 13, 1, 9, 2
5, 13, 1, 9, 14
5, 13, 1, 9, 14
5, 13, 1, 9, 10
5, 13, 1, 9, 10
6, 14, 2, 10, 3
6, 14, 2, 10, 3
6, 14, 2, 10, 15
6, 14, 2, 10, 15
6, 14, 2, 10, 11
6, 14, 2, 10, 11
6, 14, 2, 10, 7
6, 14, 2, 10, 7
6, 14, 2, 10, 7
6, 14, 2, 10, 3
6, 14, 2, 10, 3
6, 14, 2, 10, 15
6, 14, 2, 10, 15
6, 14, 2, 10, 11
6, 14, 2, 10, 11
7, 15, 3, 11, 4
7, 15, 3, 11, 4
7, 15, 3, 11, 16
7, 15, 3, 11, 16
7, 15, 3, 11, 12
7, 15, 3, 11, 12
7, 15, 3, 11, 8
7, 15, 3, 11, 8
7, 15, 3, 11, 8
7, 15, 3, 11, 4
7, 15, 3, 11, 4
7, 15, 3, 11, 16
7, 15, 3, 11, 16
7, 15, 3, 11, 12
7, 15, 3, 11, 12
8, 16, 4, 12, 5
8, 16, 4, 12, 5
8, 16, 4, 12, 1
8, 16, 4, 12, 1
8, 16, 4, 12, 13
8, 16, 4, 12, 13
8, 16, 4, 12, 9
8, 16, 4, 12, 9
8, 16, 4, 12, 9
8, 16, 4, 12, 5
8, 16, 4, 12, 5
8, 16, 4, 12, 1
8, 16, 4, 12, 1
8, 16, 4, 12, 13
8, 16, 4, 12, 13
9, 1, 5, 13, 6
9, 1, 5, 13, 6
9, 1, 5, 13, 2
9, 1, 5, 13, 2
9, 1, 5, 13, 14
9, 1, 5, 13, 14
9, 1, 5, 13, 10
9, 1, 5, 13, 10
9, 1, 5, 13, 10
9, 1, 5, 13, 6
9, 1, 5, 13, 6
9, 1, 5, 13, 2
9, 1, 5, 13, 2
9, 1, 5, 13, 14
9, 1, 5, 13, 14
10, 2, 6, 14, 7
10, 2, 6, 14, 7
10, 2, 6, 14, 3
10, 2, 6, 14, 3
10, 2, 6, 14, 15
10, 2, 6, 14, 15
10, 2, 6, 14, 11
10, 2, 6, 14, 11
10, 2, 6, 14, 11
10, 2, 6, 14, 7
10, 2, 6, 14, 7
10, 2, 6, 14, 3
10, 2, 6, 14, 3
10, 2, 6, 14, 15
10, 2, 6, 14, 15
11, 3, 7, 15, 8
11, 3, 7, 15, 8
11, 3, 7, 15, 4
11, 3, 7, 15, 4
11, 3, 7, 15, 16
11, 3, 7, 15, 16
11, 3, 7, 15, 12
11, 3, 7, 15, 12
11, 3, 7, 15, 12
11, 3, 7, 15, 8
11, 3, 7, 15, 8
11, 3, 7, 15, 4
11, 3, 7, 15, 4
11, 3, 7, 15, 16
11, 3, 7, 15, 16
12, 4, 8, 16, 9
12, 4, 8, 16, 9
12, 4, 8, 16, 5
12, 4, 8, 16, 5
12, 4, 8, 16, 1
12, 4, 8, 16, 1
12, 4, 8, 16, 13
12, 4, 8, 16, 13
12, 4, 8, 16, 13
12, 4, 8, 16, 9
12, 4, 8, 16, 9
12, 4, 8, 16, 5
12, 4, 8, 16, 5
12, 4, 8, 16, 1
12, 4, 8, 16, 1
13, 5, 9, 1, 10
13, 5, 9, 1, 10
13, 5, 9, 1, 6
13, 5, 9, 1, 6
13, 5, 9, 1, 2
13, 5, 9, 1, 2
13, 5, 9, 1, 14
13, 5, 9, 1, 14
13, 5, 9, 1, 14
13, 5, 9, 1, 10
13, 5, 9, 1, 10
13, 5, 9, 1, 6
13, 5, 9, 1, 6
13, 5, 9, 1, 2
13, 5, 9, 1, 2
14, 6, 10, 2, 11
14, 6, 10, 2, 11
14, 6, 10, 2, 7
14, 6, 10, 2, 7
14, 6, 10, 2, 3
14, 6, 10, 2, 3
14, 6, 10, 2, 15
14, 6, 10, 2, 15
14, 6, 10, 2, 15
14, 6, 10, 2, 11
14, 6, 10, 2, 11
14, 6, 10, 2, 7
14, 6, 10, 2, 7
14, 6, 10, 2, 3
14, 6, 10, 2, 3
15, 7, 11, 3, 12
15, 7, 11, 3, 12
15, 7, 11, 3, 8
15, 7, 11, 3, 8
15, 7, 11, 3, 4
15, 7, 11, 3, 4
15, 7, 11, 3, 16
1, 9, 13, 5, 2, 10
1, 9, 13, 5, 2, 10
1, 9, 13, 5, 14, 6
1, 9, 13, 5, 14, 6
1, 9, 13, 5, 2, 10
1, 9, 13, 5, 2, 10
1, 9, 13, 5, 14, 6
1, 9, 13, 5, 14, 6
2, 10, 14, 6, 3, 11
2, 10, 14, 6, 3, 11
2, 10, 14, 6, 15, 7
2, 10, 14, 6, 15, 7
2, 10, 14, 6, 3, 11
2, 10, 14, 6, 3, 11
2, 10, 14, 6, 15, 7
2, 10, 14, 6, 15, 7
2, 10, 14, 6, 3, 11
2, 10, 14, 6, 3, 11
2, 10, 14, 6, 15, 7
2, 10, 14, 6, 15, 7
2, 10, 14, 6, 3, 11
2, 10, 14, 6, 3, 11
2, 10, 14, 6, 15, 7
2, 10, 14, 6, 15, 7
3, 11, 15, 7, 4, 12
3, 11, 15, 7, 4, 12
3, 11, 15, 7, 16, 8
3, 11, 15, 7, 16, 8
3, 11, 15, 7, 4, 12
3, 11, 15, 7, 4, 12
3, 11, 15, 7, 16, 8
3, 11, 15, 7, 16, 8
3, 11, 15, 7, 4, 12
3, 11, 15, 7, 4, 12
3, 11, 15, 7, 16, 8
3, 11, 15, 7, 16, 8
3, 11, 15, 7, 4, 12
3, 11, 15, 7, 4, 12
3, 11, 15, 7, 16, 8
3, 11, 15, 7, 16, 8
4, 12, 16, 8, 5, 13
4, 12, 16, 8, 5, 13
4, 12, 16, 8, 1, 9
4, 12, 16, 8, 1, 9
4, 12, 16, 8, 5, 13
4, 12, 16, 8, 5, 13
4, 12, 16, 8, 1, 9
4, 12, 16, 8, 1, 9
4, 12, 16, 8, 5, 13
4, 12, 16, 8, 5, 13
4, 12, 16, 8, 1, 9
4, 12, 16, 8, 1, 9
4, 12, 16, 8, 5, 13
4, 12, 16, 8, 5, 13
4, 12, 16, 8, 1, 9
4, 12, 16, 8, 1, 9
5, 13, 1, 9, 6, 14
5, 13, 1, 9, 6, 14
5, 13, 1, 9, 2, 10
5, 13, 1, 9, 2, 10
5, 13, 1, 9, 6, 14
5, 13, 1, 9, 6, 14
5, 13, 1, 9, 2, 10
5, 13, 1, 9, 2, 10
5, 13, 1, 9, 6, 14
5, 13, 1, 9, 6, 14
5, 13, 1, 9, 2, 10
5, 13, 1, 9, 2, 10
5, 13, 1, 9, 6, 14
5, 13, 1, 9, 6, 14
5, 13, 1, 9, 2, 10
5, 13, 1, 9, 2, 10
6, 14, 2, 10, 7, 15
6, 14, 2, 10, 7, 15
6, 14, 2, 10, 3, 11
6, 14, 2, 10, 3, 11
6, 14, 2, 10, 7, 15
6, 14, 2, 10, 7, 15
6, 14, 2, 10, 3, 11
6, 14, 2, 10, 3, 11
6, 14, 2, 10, 7, 15
6, 14, 2, 10, 7, 15
6, 14, 2, 10, 3, 11
6, 14, 2, 10, 3, 11
6, 14, 2, 10, 7, 15
6, 14, 2, 10, 7, 15
6, 14, 2, 10, 3, 11
6, 14, 2, 10, 3, 11
7, 15, 3, 11, 8, 16
7, 15, 3, 11, 8, 16
7, 15, 3, 11, 4, 12
7, 15, 3, 11, 4, 12
7, 15, 3, 11, 8, 16
7, 15, 3, 11, 8, 16
7, 15, 3, 11, 4, 12
7, 15, 3, 11, 4, 12
7, 15, 3, 11, 8, 16
7, 15, 3, 11, 8, 16
7, 15, 3, 11, 4, 12
7, 15, 3, 11, 4, 12
7, 15, 3, 11, 8, 16
7, 15, 3, 11, 8, 16
7, 15, 3, 11, 4, 12
7, 15, 3, 11, 4, 12
8, 16, 4, 12, 9, 1
8, 16, 4, 12, 9, 1
8, 16, 4, 12, 5, 13
8, 16, 4, 12, 5, 13
8, 16, 4, 12, 9, 1
8, 16, 4, 12, 9, 1
8, 16, 4, 12, 5, 13
8, 16, 4, 12, 5, 13
8, 16, 4, 12, 9, 1
8, 16, 4, 12, 9, 1
8, 16, 4, 12, 5, 13
8, 16, 4, 12, 5, 13
8, 16, 4, 12, 9, 1
8, 16, 4, 12, 9, 1
8, 16, 4, 12, 5, 13
8, 16, 4, 12, 5, 13
9, 1, 5, 13, 10, 2
9, 1, 5, 13, 10, 2
9, 1, 5, 13, 6, 14
9, 1, 5, 13, 6, 14
9, 1, 5, 13, 10, 2
9, 1, 5, 13, 10, 2
9, 1, 5, 13, 6, 14
9, 1, 5, 13, 6, 14
9, 1, 5, 13, 10, 2
9, 1, 5, 13, 10, 2
9, 1, 5, 13, 6, 14
9, 1, 5, 13, 6, 14
9, 1, 5, 13, 10, 2
9, 1, 5, 13, 10, 2
9, 1, 5, 13, 6, 14
9, 1, 5, 13, 6, 14
10, 2, 6, 14, 11, 3
10, 2, 6, 14, 11, 3
10, 2, 6, 14, 7, 15
10, 2, 6, 14, 7, 15
10, 2, 6, 14, 11, 3
10, 2, 6, 14, 11, 3
10, 2, 6, 14, 7, 15
10, 2, 6, 14, 7, 15
10, 2, 6, 14, 11, 3
10, 2, 6, 14, 11, 3
10, 2, 6, 14, 7, 15
10, 2, 6, 14, 7, 15
10, 2, 6, 14, 11, 3
10, 2, 6, 14, 11, 3
10, 2, 6, 14, 7, 15
10, 2, 6, 14, 7, 15
11, 3, 7, 15, 12, 4
11, 3, 7, 15, 12, 4
11, 3, 7, 15, 8, 16
11, 3, 7, 15, 8, 16
11, 3, 7, 15, 12, 4
11, 3, 7, 15, 12, 4
11, 3, 7, 15, 8, 16
11, 3, 7, 15, 8, 16
11, 3, 7, 15, 12, 4
11, 3, 7, 15, 12, 4
11, 3, 7, 15, 8, 16
11, 3, 7, 15, 8, 16
11, 3, 7, 15, 12, 4
11, 3, 7, 15, 12, 4
11, 3, 7, 15, 8, 16
11, 3, 7, 15, 8, 16
12, 4, 8, 16, 13, 5
12, 4, 8, 16, 13, 5
12, 4, 8, 16, 9, 1
12, 4, 8, 16, 9, 1
12, 4, 8, 16, 13, 5
12, 4, 8, 16, 13, 5
12, 4, 8, 16, 9, 1
12, 4, 8, 16, 9, 1
12, 4, 8, 16, 13, 5
12, 4, 8, 16, 13, 5
12, 4, 8, 16, 9, 1
12, 4, 8, 16, 9, 1
12, 4, 8, 16, 13, 5
12, 4, 8, 16, 13, 5
12, 4, 8, 16, 9, 1
12, 4, 8, 16, 9, 1
13, 5, 9, 1, 14, 6
13, 5, 9, 1, 14, 6
13, 5, 9, 1, 10, 2
13, 5, 9, 1, 10, 2
13, 5, 9, 1, 14, 6
13, 5, 9, 1, 14, 6
13, 5, 9, 1, 10, 2
13, 5, 9, 1, 10, 2
3, 11, 15, 7, 4, 12
3, 11, 15, 7, 4, 12
3, 11, 15, 7, 16, 8
3, 11, 15, 7, 16, 8
3, 11, 15, 7, 4, 12
3, 11, 15, 7, 4, 12
3, 11, 15, 7, 16, 8
3, 11, 15, 7, 16, 8
4, 12, 16, 8, 1, 9
4, 12, 16, 8, 1, 9
4, 12, 16, 8, 13, 5
4, 12, 16, 8, 13, 5
4, 12, 16, 8, 1, 9
4, 12, 16, 8, 1, 9
4, 12, 16, 8, 13, 5
4, 12, 16, 8, 5, 13
4, 12, 16, 8, 5, 13
4, 12, 16, 8, 1, 9
4, 12, 16, 8, 1, 9
4, 12, 16, 8, 5, 13
4, 12, 16, 8, 5, 13
4, 12, 16, 8, 1, 9
4, 12, 16, 8, 1, 9
5, 13, 1, 9, 2, 10
5, 13, 1, 9, 2, 10
5, 13, 1, 9, 14, 6
5, 13, 1, 9, 14, 6
5, 13, 1, 9, 2, 10
5, 13, 1, 9, 2, 10
5, 13, 1, 9, 14, 6
5, 13, 1, 9, 6, 14
5, 13, 1, 9, 6, 14
5, 13, 1, 9, 2, 10
5, 13, 1, 9, 2, 10
5, 13, 1, 9, 6, 14
5, 13, 1, 9, 6, 14
5, 13, 1, 9, 2, 10
5, 13, 1, 9, 2, 10
6, 14, 2, 10, 3, 11
6, 14, 2, 10, 3, 11
6, 14, 2, 10, 15, 7
6, 14, 2, 10, 15, 7
6, 14, 2, 10, 3, 11
6, 14, 2, 10, 3, 11
6, 14, 2, 10, 15, 7
6, 14, 2, 10, 7, 15
6, 14, 2, 10, 7, 15
6, 14, 2, 10, 3, 11
6, 14, 2, 10, 3, 11
6, 14, 2, 10, 7, 15
6, 14, 2, 10, 7, 15
6, 14, 2, 10, 3, 11
6, 14, 2, 10, 3, 11
7, 15, 3, 11, 4, 12
7, 15, 3, 11, 4, 12
7, 15, 3, 11, 16, 8
7, 15, 3, 11, 16, 8
7, 15, 3, 11, 4, 12
7, 15, 3, 11, 4, 12
7, 15, 3, 11, 16, 8
7, 15, 3, 11, 8, 16
7, 15, 3, 11, 8, 16
7, 15, 3, 11, 4, 12
7, 15, 3, 11, 4, 12
7, 15, 3, 11, 8, 16
7, 15, 3, 11, 8, 16
7, 15, 3, 11, 4, 12
7, 15, 3, 11, 4, 12
8, 16, 4, 12, 5, 13
8, 16, 4, 12, 5, 13
8, 16, 4, 12, 1, 9
8, 16, 4, 12, 1, 9
8, 16, 4, 12, 5, 13
8, 16, 4, 12, 5, 13
8, 16, 4, 12, 1, 9
8, 16, 4, 12, 9, 1
8, 16, 4, 12, 9, 1
8, 16, 4, 12, 5, 13
8, 16, 4, 12, 5, 13
8, 16, 4, 12, 9, 1
8, 16, 4, 12, 9, 1
8, 16, 4, 12, 5, 13
8, 16, 4, 12, 5, 13
9, 1, 5, 13, 6, 14
9, 1, 5, 13, 6, 14
9, 1, 5, 13, 2, 10
9, 1, 5, 13, 2, 10
9, 1, 5, 13, 6, 14
9, 1, 5, 13, 6, 14
9, 1, 5, 13, 2, 10
9, 1, 5, 13, 10, 2
9, 1, 5, 13, 10, 2
9, 1, 5, 13, 6, 14
9, 1, 5, 13, 6, 14
9, 1, 5, 13, 10, 2
9, 1, 5, 13, 10, 2
9, 1, 5, 13, 6, 14
9, 1, 5, 13, 6, 14
10, 2, 6, 14, 7, 15
10, 2, 6, 14, 7, 15
10, 2, 6, 14, 3, 11
10, 2, 6, 14, 3, 11
10, 2, 6, 14, 7, 15
10, 2, 6, 14, 7, 15
10, 2, 6, 14, 3, 11
10, 2, 6, 14, 11, 3
10, 2, 6, 14, 11, 3
10, 2, 6, 14, 7, 15
10, 2, 6, 14, 7, 15
10, 2, 6, 14, 11, 3
10, 2, 6, 14, 11, 3
10, 2, 6, 14, 7, 15
10, 2, 6, 14, 7, 15
11, 3, 7, 15, 8, 16
11, 3, 7, 15, 8, 16
11, 3, 7, 15, 4, 12
11, 3, 7, 15, 4, 12
11, 3, 7, 15, 8, 16
11, 3, 7, 15, 8, 16
11, 3, 7, 15, 4, 12
11, 3, 7, 15, 12, 4
11, 3, 7, 15, 12, 4
11, 3, 7, 15, 8, 16
11, 3, 7, 15, 8, 16
11, 3, 7, 15, 12, 4
11, 3, 7, 15, 12, 4
11, 3, 7, 15, 8, 16
11, 3, 7, 15, 8, 16
12, 4, 8, 16, 9, 1
12, 4, 8, 16, 9, 1
12, 4, 8, 16, 5, 13
12, 4, 8, 16, 5, 13
12, 4, 8, 16, 9, 1
12, 4, 8, 16, 9, 1
12, 4, 8, 16, 5, 13
12, 4, 8, 16, 13, 5
12, 4, 8, 16, 13, 5
12, 4, 8, 16, 9, 1
12, 4, 8, 16, 9, 1
12, 4, 8, 16, 13, 5
12, 4, 8, 16, 13, 5
12, 4, 8, 16, 9, 1
12, 4, 8, 16, 9, 1
13, 5, 9, 1, 10, 2
13, 5, 9, 1, 10, 2
13, 5, 9, 1, 6, 14
13, 5, 9, 1, 6, 14
13, 5, 9, 1, 10, 2
13, 5, 9, 1, 10, 2
13, 5, 9, 1, 6, 14
13, 5, 9, 1, 14, 6
13, 5, 9, 1, 14, 6
13, 5, 9, 1, 10, 2
13, 5, 9, 1, 10, 2
13, 5, 9, 1, 14, 6
13, 5, 9, 1, 14, 6
13, 5, 9, 1, 10, 2
13, 5, 9, 1, 10, 2
14, 6, 10, 2, 11, 3
14, 6, 10, 2, 11, 3
14, 6, 10, 2, 7, 15
14, 6, 10, 2, 7, 15
14, 6, 10, 2, 11, 3
14, 6, 10, 2, 11, 3
14, 6, 10, 2, 7, 15
14, 6, 10, 2, 15, 7
14, 6, 10, 2, 15, 7
14, 6, 10, 2, 11, 3
14, 6, 10, 2, 11, 3
14, 6, 10, 2, 15, 7
14, 6, 10, 2, 15, 7
14, 6, 10, 2, 11, 3
14, 6, 10, 2, 11, 3
15, 7, 11, 3, 12, 4
15, 7, 11, 3, 12, 4
15, 7, 11, 3, 8, 16
15, 7, 11, 3, 8, 16
15, 7, 11, 3, 12, 4
15, 7, 11, 3, 12, 4
15, 7, 11, 3, 8, 16
1, 9, 13, 5, 2, 10, 14
1, 9, 13, 5, 2, 10, 14
1, 9, 13, 5, 14, 6, 10
1, 9, 13, 5, 14, 6, 10
1, 9, 13, 5, 10, 2, 6
1, 9, 13, 5, 10, 2, 6
1, 9, 13, 5, 6, 14, 2
1, 9, 13, 5, 6, 14, 2
2, 10, 14, 6, 3, 11, 15
2, 10, 14, 6, 3, 11, 15
2, 10, 14, 6, 15, 7, 11
2, 10, 14, 6, 15, 7, 11
2, 10, 14, 6, 11, 3, 7
2, 10, 14, 6, 11, 3, 7
2, 10, 14, 6, 7, 15, 3
2, 10, 14, 6, 7, 15, 3
2, 10, 14, 6, 3, 11, 15
2, 10, 14, 6, 3, 11, 15
2, 10, 14, 6, 15, 7, 11
2, 10, 14, 6, 15, 7, 11
2, 10, 14, 6, 11, 3, 7
2, 10, 14, 6, 11, 3, 7
2, 10, 14, 6, 7, 15, 3
2, 10, 14, 6, 7, 15, 3
3, 11, 15, 7, 4, 12, 16
3, 11, 15, 7, 4, 12, 16
3, 11, 15, 7, 16, 8, 12
3, 11, 15, 7, 16, 8, 12
3, 11, 15, 7, 12, 4, 8
3, 11, 15, 7, 12, 4, 8
3, 11, 15, 7, 8, 16, 4
3, 11, 15, 7, 8, 16, 4
3, 11, 15, 7, 4, 12, 16
3, 11, 15, 7, 4, 12, 16
3, 11, 15, 7, 16, 8, 12
3, 11, 15, 7, 16, 8, 12
3, 11, 15, 7, 12, 4, 8
3, 11, 15, 7, 12, 4, 8
3, 11, 15, 7, 8, 16, 4
3, 11, 15, 7, 8, 16, 4
4, 12, 16, 8, 5, 13, 1
4, 12, 16, 8, 5, 13, 1
4, 12, 16, 8, 1, 9, 13
4, 12, 16, 8, 1, 9, 13
4, 12, 16, 8, 13, 5, 9
4, 12, 16, 8, 13, 5, 9
4, 12, 16, 8, 9, 1, 5
4, 12, 16, 8, 9, 1, 5
4, 12, 16, 8, 5, 13, 1
4, 12, 16, 8, 5, 13, 1
4, 12, 16, 8, 1, 9, 13
4, 12, 16, 8, 1, 9, 13
4, 12, 16, 8, 13, 5, 9
4, 12, 16, 8, 13, 5, 9
4, 12, 16, 8, 9, 1, 5
4, 12, 16, 8, 9, 1, 5
5, 13, 1, 9, 6, 14, 2
5, 13, 1, 9, 6, 14, 2
5, 13, 1, 9, 2, 10, 14
5, 13, 1, 9, 2, 10, 14
5, 13, 1, 9, 14, 6, 10
5, 13, 1, 9, 14, 6, 10
5, 13, 1, 9, 10, 2, 6
5, 13, 1, 9, 10, 2, 6
5, 13, 1, 9, 6, 14, 2
5, 13, 1, 9, 6, 14, 2
5, 13, 1, 9, 2, 10, 14
5, 13, 1, 9, 2, 10, 14
5, 13, 1, 9, 14, 6, 10
5, 13, 1, 9, 14, 6, 10
5, 13, 1, 9, 10, 2, 6
5, 13, 1, 9, 10, 2, 6
6, 14, 2, 10, 7, 15, 3
6, 14, 2, 10, 7, 15, 3
6, 14, 2, 10, 3, 11, 15
6, 14, 2, 10, 3, 11, 15
6, 14, 2, 10, 15, 7, 11
6, 14, 2, 10, 15, 7, 11
6, 14, 2, 10, 11, 3, 7
6, 14, 2, 10, 11, 3, 7
6, 14, 2, 10, 7, 15, 3
6, 14, 2, 10, 7, 15, 3
6, 14, 2, 10, 3, 11, 15
6, 14, 2, 10, 3, 11, 15
6, 14, 2, 10, 15, 7, 11
6, 14, 2, 10, 15, 7, 11
6, 14, 2, 10, 11, 3, 7
6, 14, 2, 10, 11, 3, 7
7, 15, 3, 11, 8, 16, 4
7, 15, 3, 11, 8, 16, 4
7, 15, 3, 11, 4, 12, 16
7, 15, 3, 11, 4, 12, 16
7, 15, 3, 11, 16, 8, 12
7, 15, 3, 11, 16, 8, 12
7, 15, 3, 11, 12, 4, 8
7, 15, 3, 11, 12, 4, 8
7, 15, 3, 11, 8, 16, 4
7, 15, 3, 11, 8, 16, 4
7, 15, 3, 11, 4, 12, 16
7, 15, 3, 11, 4, 12, 16
7, 15, 3, 11, 16, 8, 12
7, 15, 3, 11, 16, 8, 12
7, 15, 3, 11, 12, 4, 8
7, 15, 3, 11, 12, 4, 8
8, 16, 4, 12, 9, 1, 5
8, 16, 4, 12, 9, 1, 5
8, 16, 4, 12, 5, 13, 1
8, 16, 4, 12, 5, 13, 1
8, 16, 4, 12, 1, 9, 13
8, 16, 4, 12, 1, 9, 13
8, 16, 4, 12, 13, 5, 9
8, 16, 4, 12, 13, 5, 9
8, 16, 4, 12, 9, 1, 5
8, 16, 4, 12, 9, 1, 5
8, 16, 4, 12, 5, 13, 1
8, 16, 4, 12, 5, 13, 1
8, 16, 4, 12, 1, 9, 13
8, 16, 4, 12, 1, 9, 13
8, 16, 4, 12, 13, 5, 9
8, 16, 4, 12, 13, 5, 9
9, 1, 5, 13, 10, 2, 6
9, 1, 5, 13, 10, 2, 6
9, 1, 5, 13, 6, 14, 2
9, 1, 5, 13, 6, 14, 2
9, 1, 5, 13, 2, 10, 14
9, 1, 5, 13, 2, 10, 14
9, 1, 5, 13, 14, 6, 10
9, 1, 5, 13, 14, 6, 10
9, 1, 5, 13, 10, 2, 6
9, 1, 5, 13, 10, 2, 6
9, 1, 5, 13, 6, 14, 2
9, 1, 5, 13, 6, 14, 2
9, 1, 5, 13, 2, 10, 14
9, 1, 5, 13, 2, 10, 14
9, 1, 5, 13, 14, 6, 10
9, 1, 5, 13, 14, 6, 10
10, 2, 6, 14, 11, 3, 7
10, 2, 6, 14, 11, 3, 7
10, 2, 6, 14, 7, 15, 3
10, 2, 6, 14, 7, 15, 3
10, 2, 6, 14, 3, 11, 15
10, 2, 6, 14, 3, 11, 15
10, 2, 6, 14, 15, 7, 11
10, 2, 6, 14, 15, 7, 11
10, 2, 6, 14, 11, 3, 7
10, 2, 6, 14, 11, 3, 7
10, 2, 6, 14, 7, 15, 3
10, 2, 6, 14, 7, 15, 3
10, 2, 6, 14, 3, 11, 15
10, 2, 6, 14, 3, 11, 15
10, 2, 6, 14, 15, 7, 11
10, 2, 6, 14, 15, 7, 11
11, 3, 7, 15, 12, 4, 8
11, 3, 7, 15, 12, 4, 8
11, 3, 7, 15, 8, 16, 4
11, 3, 7, 15, 8, 16, 4
11, 3, 7, 15, 4, 12, 16
11, 3, 7, 15, 4, 12, 16
11, 3, 7, 15, 16, 8, 12
11, 3, 7, 15, 16, 8, 12
11, 3, 7, 15, 12, 4, 8
11, 3, 7, 15, 12, 4, 8
11, 3, 7, 15, 8, 16, 4
11, 3, 7, 15, 8, 16, 4
11, 3, 7, 15, 4, 12, 16
11, 3, 7, 15, 4, 12, 16
11, 3, 7, 15, 16, 8, 12
11, 3, 7, 15, 16, 8, 12
12, 4, 8, 16, 13, 5, 9
12, 4, 8, 16, 13, 5, 9
12, 4, 8, 16, 9, 1, 5
12, 4, 8, 16, 9, 1, 5
12, 4, 8, 16, 5, 13, 1
12, 4, 8, 16, 5, 13, 1
12, 4, 8, 16, 1, 9, 13
12, 4, 8, 16, 1, 9, 13
12, 4, 8, 16, 13, 5, 9
12, 4, 8, 16, 13, 5, 9
12, 4, 8, 16, 9, 1, 5
12, 4, 8, 16, 9, 1, 5
12, 4, 8, 16, 5, 13, 1
12, 4, 8, 16, 5, 13, 1
12, 4, 8, 16, 1, 9, 13
12, 4, 8, 16, 1, 9, 13
13, 5, 9, 1, 14, 6, 10
13, 5, 9, 1, 14, 6, 10
13, 5, 9, 1, 10, 2, 6
13, 5, 9, 1, 10, 2, 6
13, 5, 9, 1, 6, 14, 2
13, 5, 9, 1, 6, 14, 2
13, 5, 9, 1, 2, 10, 14
13, 5, 9, 1, 2, 10, 14
3, 11, 15, 7, 4, 12, 16
3, 11, 15, 7, 4, 12, 16
3, 11, 15, 7, 16, 8, 12
3, 11, 15, 7, 16, 8, 12
3, 11, 15, 7, 12, 4, 8
3, 11, 15, 7, 12, 4, 8
3, 11, 15, 7, 8, 16, 4
3, 11, 15, 7, 8, 16, 4
4, 12, 16, 8, 1, 9, 13
4, 12, 16, 8, 1, 9, 13
4, 12, 16, 8, 13, 5, 9
4, 12, 16, 8, 13, 5, 9
4, 12, 16, 8, 9, 1, 5
4, 12, 16, 8, 9, 1, 5
4, 12, 16, 8, 5, 13, 1
4, 12, 16, 8, 5, 13, 1
4, 12, 16, 8, 5, 13, 1
4, 12, 16, 8, 1, 9, 13
4, 12, 16, 8, 1, 9, 13
4, 12, 16, 8, 13, 5, 9
4, 12, 16, 8, 13, 5, 9
4, 12, 16, 8, 9, 1, 5
4, 12, 16, 8, 9, 1, 5
5, 13, 1, 9, 2, 10, 14
5, 13, 1, 9, 2, 10, 14
5, 13, 1, 9, 14, 6, 10
5, 13, 1, 9, 14, 6, 10
5, 13, 1, 9, 10, 2, 6
5, 13, 1, 9, 10, 2, 6
5, 13, 1, 9, 6, 14, 2
5, 13, 1, 9, 6, 14, 2
5, 13, 1, 9, 6, 14, 2
5, 13, 1, 9, 2, 10, 14
5, 13, 1, 9, 2, 10, 14
5, 13, 1, 9, 14, 6, 10
5, 13, 1, 9, 14, 6, 10
5, 13, 1, 9, 10, 2, 6
5, 13, 1, 9, 10, 2, 6
6, 14, 2, 10, 3, 11, 15
6, 14, 2, 10, 3, 11, 15
6, 14, 2, 10, 15, 7, 11
6, 14, 2, 10, 15, 7, 11
6, 14, 2, 10, 11, 3, 7
6, 14, 2, 10, 11, 3, 7
6, 14, 2, 10, 7, 15, 3
6, 14, 2, 10, 7, 15, 3
6, 14, 2, 10, 7, 15, 3
6, 14, 2, 10, 3, 11, 15
6, 14, 2, 10, 3, 11, 15
6, 14, 2, 10, 15, 7, 11
6, 14, 2, 10, 15, 7, 11
6, 14, 2, 10, 11, 3, 7
6, 14, 2, 10, 11, 3, 7
7, 15, 3, 11, 4, 12, 16
7, 15, 3, 11, 4, 12, 16
7, 15, 3, 11, 16, 8, 12
7, 15, 3, 11, 16, 8, 12
7, 15, 3, 11, 12, 4, 8
7, 15, 3, 11, 12, 4, 8
7, 15, 3, 11, 8, 16, 4
7, 15, 3, 11, 8, 16, 4
7, 15, 3, 11, 8, 16, 4
7, 15, 3, 11, 4, 12, 16
7, 15, 3, 11, 4, 12, 16
7, 15, 3, 11, 16, 8, 12
7, 15, 3, 11, 16, 8, 12
7, 15, 3, 11, 12, 4, 8
7, 15, 3, 11, 12, 4, 8
8, 16, 4, 12, 5, 13, 1
8, 16, 4, 12, 5, 13, 1
8, 16, 4, 12, 1, 9, 13
8, 16, 4, 12, 1, 9, 13
8, 16, 4, 12, 13, 5, 9
8, 16, 4, 12, 13, 5, 9
8, 16, 4, 12, 9, 1, 5
8, 16, 4, 12, 9, 1, 5
8, 16, 4, 12, 9, 1, 5
8, 16, 4, 12, 5, 13, 1
8, 16, 4, 12, 5, 13, 1
8, 16, 4, 12, 1, 9, 13
8, 16, 4, 12, 1, 9, 13
8, 16, 4, 12, 13, 5, 9
8, 16, 4, 12, 13, 5, 9
9, 1, 5, 13, 6, 14, 2
9, 1, 5, 13, 6, 14, 2
9, 1, 5, 13, 2, 10, 14
9, 1, 5, 13, 2, 10, 14
9, 1, 5, 13, 14, 6, 10
9, 1, 5, 13, 14, 6, 10
9, 1, 5, 13, 10, 2, 6
9, 1, 5, 13, 10, 2, 6
9, 1, 5, 13, 10, 2, 6
9, 1, 5, 13, 6, 14, 2
9, 1, 5, 13, 6, 14, 2
9, 1, 5, 13, 2, 10, 14
9, 1, 5, 13, 2, 10, 14
9, 1, 5, 13, 14, 6, 10
9, 1, 5, 13, 14, 6, 10
10, 2, 6, 14, 7, 15, 3
10, 2, 6, 14, 7, 15, 3
10, 2, 6, 14, 3, 11, 15
10, 2, 6, 14, 3, 11, 15
10, 2, 6, 14, 15, 7, 11
10, 2, 6, 14, 15, 7, 11
10, 2, 6, 14, 11, 3, 7
10, 2, 6, 14, 11, 3, 7
10, 2, 6, 14, 11, 3, 7
10, 2, 6, 14, 7, 15, 3
10, 2, 6, 14, 7, 15, 3
10, 2, 6, 14, 3, 11, 15
10, 2, 6, 14, 3, 11, 15
10, 2, 6, 14, 15, 7, 11
10, 2, 6, 14, 15, 7, 11
11, 3, 7, 15, 8, 16, 4
11, 3, 7, 15, 8, 16, 4
11, 3, 7, 15, 4, 12, 16
11, 3, 7, 15, 4, 12, 16
11, 3, 7, 15, 16, 8, 12
11, 3, 7, 15, 16, 8, 12
11, 3, 7, 15, 12, 4, 8
11, 3, 7, 15, 12, 4, 8
11, 3, 7, 15, 12, 4, 8
11, 3, 7, 15, 8, 16, 4
11, 3, 7, 15, 8, 16, 4
11, 3, 7, 15, 4, 12, 16
11, 3, 7, 15, 4, 12, 16
11, 3, 7, 15, 16, 8, 12
11, 3, 7, 15, 16, 8, 12
12, 4, 8, 16, 9, 1, 5
12, 4, 8, 16, 9, 1, 5
12, 4, 8, 16, 5, 13, 1
12, 4, 8, 16, 5, 13, 1
12, 4, 8, 16, 1, 9, 13
12, 4, 8, 16, 1, 9, 13
12, 4, 8, 16, 13, 5, 9
12, 4, 8, 16, 13, 5, 9
12, 4, 8, 16, 13, 5, 9
12, 4, 8, 16, 9, 1, 5
12, 4, 8, 16, 9, 1, 5
12, 4, 8, 16, 5, 13, 1
12, 4, 8, 16, 5, 13, 1
12, 4, 8, 16, 1, 9, 13
12, 4, 8, 16, 1, 9, 13
13, 5, 9, 1, 10, 2, 6
13, 5, 9, 1, 10, 2, 6
13, 5, 9, 1, 6, 14, 2
13, 5, 9, 1, 6, 14, 2
13, 5, 9, 1, 2, 10, 14
13, 5, 9, 1, 2, 10, 14
13, 5, 9, 1, 14, 6, 10
13, 5, 9, 1, 14, 6, 10
13, 5, 9, 1, 14, 6, 10
13, 5, 9, 1, 10, 2, 6
13, 5, 9, 1, 10, 2, 6
13, 5, 9, 1, 6, 14, 2
13, 5, 9, 1, 6, 14, 2
13, 5, 9, 1, 2, 10, 14
13, 5, 9, 1, 2, 10, 14
14, 6, 10, 2, 11, 3, 7
14, 6, 10, 2, 11, 3, 7
14, 6, 10, 2, 7, 15, 3
14, 6, 10, 2, 7, 15, 3
14, 6, 10, 2, 3, 11, 15
14, 6, 10, 2, 3, 11, 15
14, 6, 10, 2, 15, 7, 11
14, 6, 10, 2, 15, 7, 11
14, 6, 10, 2, 15, 7, 11
14, 6, 10, 2, 11, 3, 7
14, 6, 10, 2, 11, 3, 7
14, 6, 10, 2, 7, 15, 3
14, 6, 10, 2, 7, 15, 3
14, 6, 10, 2, 3, 11, 15
14, 6, 10, 2, 3, 11, 15
15, 7, 11, 3, 12, 4, 8
15, 7, 11, 3, 12, 4, 8
15, 7, 11, 3, 8, 16, 4
15, 7, 11, 3, 8, 16, 4
15, 7, 11, 3, 4, 12, 16
15, 7, 11, 3, 4, 12, 16
15, 7, 11, 3, 16, 8, 12
1, 9, 13, 5, 2, 10, 14, 6
1, 9, 13, 5, 2, 10, 14, 6
1, 9, 13, 5, 2, 10, 14, 6
1, 9, 13, 5, 2, 10, 14, 6
1, 9, 13, 5, 2, 10, 14, 6
1, 9, 13, 5, 2, 10, 14, 6
1, 9, 13, 5, 2, 10, 14, 6
1, 9, 13, 5, 2, 10, 14, 6
2, 10, 14, 6, 3, 11, 15, 7
2, 10, 14, 6, 3, 11, 15, 7
2, 10, 14, 6, 3, 11, 15, 7
2, 10, 14, 6, 3, 11, 15, 7
2, 10, 14, 6, 3, 11, 15, 7
2, 10, 14, 6, 3, 11, 15, 7
2, 10, 14, 6, 3, 11, 15, 7
2, 10, 14, 6, 3, 11, 15, 7
2, 10, 14, 6, 3, 11, 15, 7
2, 10, 14, 6, 3, 11, 15, 7
2, 10, 14, 6, 3, 11, 15, 7
2, 10, 14, 6, 3, 11, 15, 7
2, 10, 14, 6, 3, 11, 15, 7
2, 10, 14, 6, 3, 11, 15, 7
2, 10, 14, 6, 3, 11, 15, 7
2, 10, 14, 6, 3, 11, 15, 7
3, 11, 15, 7, 4, 12, 16, 8
3, 11, 15, 7, 4, 12, 16, 8
3, 11, 15, 7, 4, 12, 16, 8
3, 11, 15, 7, 4, 12, 16, 8
3, 11, 15, 7, 4, 12, 16, 8
3, 11, 15, 7, 4, 12, 16, 8
3, 11, 15, 7, 4, 12, 16, 8
3, 11, 15, 7, 4, 12, 16, 8
3, 11, 15, 7, 4, 12, 16, 8
3, 11, 15, 7, 4, 12, 16, 8
3, 11, 15, 7, 4, 12, 16, 8
3, 11, 15, 7, 4, 12, 16, 8
3, 11, 15, 7, 4, 12, 16, 8
3, 11, 15, 7, 4, 12, 16, 8
3, 11, 15, 7, 4, 12, 16, 8
3, 11, 15, 7, 4, 12, 16, 8
4, 12, 16, 8, 5, 13, 1, 9
4, 12, 16, 8, 5, 13, 1, 9
4, 12, 16, 8, 5, 13, 1, 9
4, 12, 16, 8, 5, 13, 1, 9
4, 12, 16, 8, 5, 13, 1, 9
4, 12, 16, 8, 5, 13, 1, 9
4, 12, 16, 8, 5, 13, 1, 9
4, 12, 16, 8, 5, 13, 1, 9
4, 12, 16, 8, 5, 13, 1, 9
4, 12, 16, 8, 5, 13, 1, 9
4, 12, 16, 8, 5, 13, 1, 9
4, 12, 16, 8, 5, 13, 1, 9
4, 12, 16, 8, 5, 13, 1, 9
4, 12, 16, 8, 5, 13, 1, 9
4, 12, 16, 8, 5, 13, 1, 9
4, 12, 16, 8, 5, 13, 1, 9
5, 13, 1, 9, 6, 14, 2, 10
5, 13, 1, 9, 6, 14, 2, 10
5, 13, 1, 9, 6, 14, 2, 10
5, 13, 1, 9, 6, 14, 2, 10
5, 13, 1, 9, 6, 14, 2, 10
5, 13, 1, 9, 6, 14, 2, 10
5, 13, 1, 9, 6, 14, 2, 10
5, 13, 1, 9, 6, 14, 2, 10
5, 13, 1, 9, 6, 14, 2, 10
5, 13, 1, 9, 6, 14, 2, 10
5, 13, 1, 9, 6, 14, 2, 10
5, 13, 1, 9, 6, 14, 2, 10
5, 13, 1, 9, 6, 14, 2, 10
5, 13, 1, 9, 6, 14, 2, 10
5, 13, 1, 9, 6, 14, 2, 10
5, 13, 1, 9, 6, 14, 2, 10
6, 14, 2, 10, 7, 15, 3, 11
6, 14, 2, 10, 7, 15, 3, 11
6, 14, 2, 10, 7, 15, 3, 11
6, 14, 2, 10, 7, 15, 3, 11
6, 14, 2, 10, 7, 15, 3, 11
6, 14, 2, 10, 7, 15, 3, 11
6, 14, 2, 10, 7, 15, 3, 11
6, 14, 2, 10, 7, 15, 3, 11
6, 14, 2, 10, 7, 15, 3, 11
6, 14, 2, 10, 7, 15, 3, 11
6, 14, 2, 10, 7, 15, 3, 11
6, 14, 2, 10, 7, 15, 3, 11
6, 14, 2, 10, 7, 15, 3, 11
6, 14, 2, 10, 7, 15, 3, 11
6, 14, 2, 10, 7, 15, 3, 11
6, 14, 2, 10, 7, 15, 3, 11
7, 15, 3, 11, 8, 16, 4, 12
7, 15, 3, 11, 8, 16, 4, 12
7, 15, 3, 11, 8, 16, 4, 12
7, 15, 3, 11, 8, 16, 4, 12
7, 15, 3, 11, 8, 16, 4, 12
7, 15, 3, 11, 8, 16, 4, 12
7, 15, 3, 11, 8, 16, 4, 12
7, 15, 3, 11, 8, 16, 4, 12
7, 15, 3, 11, 8, 16, 4, 12
7, 15, 3, 11, 8, 16, 4, 12
7, 15, 3, 11, 8, 16, 4, 12
7, 15, 3, 11, 8, 16, 4, 12
7, 15, 3, 11, 8, 16, 4, 12
7, 15, 3, 11, 8, 16, 4, 12
7, 15, 3, 11, 8, 16, 4, 12
7, 15, 3, 11, 8, 16, 4, 12
8, 16, 4, 12, 9, 1, 5, 13
8, 16, 4, 12, 9, 1, 5, 13
8, 16, 4, 12, 9, 1, 5, 13
8, 16, 4, 12, 9, 1, 5, 13
8, 16, 4, 12, 9, 1, 5, 13
8, 16, 4, 12, 9, 1, 5, 13
8, 16, 4, 12, 9, 1, 5, 13
8, 16, 4, 12, 9, 1, 5, 13
8, 16, 4, 12, 9, 1, 5, 13
8, 16, 4, 12, 9, 1, 5, 13
8, 16, 4, 12, 9, 1, 5, 13
8, 16, 4, 12, 9, 1, 5, 13
8, 16, 4, 12, 9, 1, 5, 13
8, 16, 4, 12, 9, 1, 5, 13
8, 16, 4, 12, 9, 1, 5, 13
8, 16, 4, 12, 9, 1, 5, 13
9, 1, 5, 13, 10, 2, 6, 14
9, 1, 5, 13, 10, 2, 6, 14
9, 1, 5, 13, 10, 2, 6, 14
9, 1, 5, 13, 10, 2, 6, 14
9, 1, 5, 13, 10, 2, 6, 14
9, 1, 5, 13, 10, 2, 6, 14
9, 1, 5, 13, 10, 2, 6, 14
9, 1, 5, 13, 10, 2, 6, 14
9, 1, 5, 13, 10, 2, 6, 14
9, 1, 5, 13, 10, 2, 6, 14
9, 1, 5, 13, 10, 2, 6, 14
9, 1, 5, 13, 10, 2, 6, 14
9, 1, 5, 13, 10, 2, 6, 14
9, 1, 5, 13, 10, 2, 6, 14
9, 1, 5, 13, 10, 2, 6, 14
9, 1, 5, 13, 10, 2, 6, 14
10, 2, 6, 14, 11, 3, 7, 15
10, 2, 6, 14, 11, 3, 7, 15
10, 2, 6, 14, 11, 3, 7, 15
10, 2, 6, 14, 11, 3, 7, 15
10, 2, 6, 14, 11, 3, 7, 15
10, 2, 6, 14, 11, 3, 7, 15
10, 2, 6, 14, 11, 3, 7, 15
10, 2, 6, 14, 11, 3, 7, 15
10, 2, 6, 14, 11, 3, 7, 15
10, 2, 6, 14, 11, 3, 7, 15
10, 2, 6, 14, 11, 3, 7, 15
10, 2, 6, 14, 11, 3, 7, 15
10, 2, 6, 14, 11, 3, 7, 15
10, 2, 6, 14, 11, 3, 7, 15
10, 2, 6, 14, 11, 3, 7, 15
10, 2, 6, 14, 11, 3, 7, 15
11, 3, 7, 15, 12, 4, 8, 16
11, 3, 7, 15, 12, 4, 8, 16
11, 3, 7, 15, 12, 4, 8, 16
11, 3, 7, 15, 12, 4, 8, 16
11, 3, 7, 15, 12, 4, 8, 16
11, 3, 7, 15, 12, 4, 8, 16
11, 3, 7, 15, 12, 4, 8, 16
11, 3, 7, 15, 12, 4, 8, 16
11, 3, 7, 15, 12, 4, 8, 16
11, 3, 7, 15, 12, 4, 8, 16
11, 3, 7, 15, 12, 4, 8, 16
11, 3, 7, 15, 12, 4, 8, 16
11, 3, 7, 15, 12, 4, 8, 16
11, 3, 7, 15, 12, 4, 8, 16
11, 3, 7, 15, 12, 4, 8, 16
11, 3, 7, 15, 12, 4, 8, 16
12, 4, 8, 16, 13, 5, 9, 1
12, 4, 8, 16, 13, 5, 9, 1
12, 4, 8, 16, 13, 5, 9, 1
12, 4, 8, 16, 13, 5, 9, 1
12, 4, 8, 16, 13, 5, 9, 1
12, 4, 8, 16, 13, 5, 9, 1
12, 4, 8, 16, 13, 5, 9, 1
12, 4, 8, 16, 13, 5, 9, 1
12, 4, 8, 16, 13, 5, 9, 1
12, 4, 8, 16, 13, 5, 9, 1
12, 4, 8, 16, 13, 5, 9, 1
12, 4, 8, 16, 13, 5, 9, 1
12, 4, 8, 16, 13, 5, 9, 1
12, 4, 8, 16, 13, 5, 9, 1
12, 4, 8, 16, 13, 5, 9, 1
12, 4, 8, 16, 13, 5, 9, 1
13, 5, 9, 1, 14, 6, 10, 2
13, 5, 9, 1, 14, 6, 10, 2
13, 5, 9, 1, 14, 6, 10, 2
13, 5, 9, 1, 14, 6, 10, 2
13, 5, 9, 1, 14, 6, 10, 2
13, 5, 9, 1, 14, 6, 10, 2
13, 5, 9, 1, 14, 6, 10, 2
13, 5, 9, 1, 14, 6, 10, 2
3, 11, 15, 7, 4, 12, 16, 8
3, 11, 15, 7, 4, 12, 16, 8
3, 11, 15, 7, 4, 12, 16, 8
3, 11, 15, 7, 4, 12, 16, 8
3, 11, 15, 7, 4, 12, 16, 8
3, 11, 15, 7, 4, 12, 16, 8
3, 11, 15, 7, 4, 12, 16, 8
3, 11, 15, 7, 4, 12, 16, 8
4, 12, 16, 8, 1, 9, 13, 5
4, 12, 16, 8, 1, 9, 13, 5
4, 12, 16, 8, 1, 9, 13, 5
4, 12, 16, 8, 1, 9, 13, 5
4, 12, 16, 8, 1, 9, 13, 5
4, 12, 16, 8, 1, 9, 13, 5
4, 12, 16, 8, 1, 9, 13, 5
4, 12, 16, 8, 5, 13, 1, 9
4, 12, 16, 8, 5, 13, 1, 9
4, 12, 16, 8, 5, 13, 1, 9
4, 12, 16, 8, 5, 13, 1, 9
4, 12, 16, 8, 5, 13, 1, 9
4, 12, 16, 8, 5, 13, 1, 9
4, 12, 16, 8, 5, 13, 1, 9
4, 12, 16, 8, 5, 13, 1, 9
5, 13, 1, 9, 2, 10, 14, 6
5, 13, 1, 9, 2, 10, 14, 6
5, 13, 1, 9, 2, 10, 14, 6
5, 13, 1, 9, 2, 10, 14, 6
5, 13, 1, 9, 2, 10, 14, 6
5, 13, 1, 9, 2, 10, 14, 6
5, 13, 1, 9, 2, 10, 14, 6
5, 13, 1, 9, 6, 14, 2, 10
5, 13, 1, 9, 6, 14, 2, 10
5, 13, 1, 9, 6, 14, 2, 10
5, 13, 1, 9, 6, 14, 2, 10
5, 13, 1, 9, 6, 14, 2, 10
5, 13, 1, 9, 6, 14, 2, 10
5, 13, 1, 9, 6, 14, 2, 10
5, 13, 1, 9, 6, 14, 2, 10
6, 14, 2, 10, 3, 11, 15, 7
6, 14, 2, 10, 3, 11, 15, 7
6, 14, 2, 10, 3, 11, 15, 7
6, 14, 2, 10, 3, 11, 15, 7
6, 14, 2, 10, 3, 11, 15, 7
6, 14, 2, 10, 3, 11, 15, 7
6, 14, 2, 10, 3, 11, 15, 7
6, 14, 2, 10, 7, 15, 3, 11
6, 14, 2, 10, 7, 15, 3, 11
6, 14, 2, 10, 7, 15, 3, 11
6, 14, 2, 10, 7, 15, 3, 11
6, 14, 2, 10, 7, 15, 3, 11
6, 14, 2, 10, 7, 15, 3, 11
6, 14, 2, 10, 7, 15, 3, 11
6, 14, 2, 10, 7, 15, 3, 11
7, 15, 3, 11, 4, 12, 16, 8
7, 15, 3, 11, 4, 12, 16, 8
7, 15, 3, 11, 4, 12, 16, 8
7, 15, 3, 11, 4, 12, 16, 8
7, 15, 3, 11, 4, 12, 16, 8
7, 15, 3, 11, 4, 12, 16, 8
7, 15, 3, 11, 4, 12, 16, 8
7, 15, 3, 11, 8, 16, 4, 12
7, 15, 3, 11, 8, 16, 4, 12
7, 15, 3, 11, 8, 16, 4, 12
7, 15, 3, 11, 8, 16, 4, 12
7, 15, 3, 11, 8, 16, 4, 12
7, 15, 3, 11, 8, 16, 4, 12
7, 15, 3, 11, 8, 16, 4, 12
7, 15, 3, 11, 8, 16, 4, 12
8, 16, 4, 12, 5, 13, 1, 9
8, 16, 4, 12, 5, 13, 1, 9
8, 16, 4, 12, 5, 13, 1, 9
8, 16, 4, 12, 5, 13, 1, 9
8, 16, 4, 12, 5, 13, 1, 9
8, 16, 4, 12, 5, 13, 1, 9
8, 16, 4, 12, 5, 13, 1, 9
8, 16, 4, 12, 9, 1, 5, 13
8, 16, 4, 12, 9, 1, 5, 13
8, 16, 4, 12, 9, 1, 5, 13
8, 16, 4, 12, 9, 1, 5, 13
8, 16, 4, 12, 9, 1, 5, 13
8, 16, 4, 12, 9, 1, 5, 13
8, 16, 4, 12, 9, 1, 5, 13
8, 16, 4, 12, 9, 1, 5, 13
9, 1, 5, 13, 6, 14, 2, 10
9, 1, 5, 13, 6, 14, 2, 10
9, 1, 5, 13, 6, 14, 2, 10
9, 1, 5, 13, 6, 14, 2, 10
9, 1, 5, 13, 6, 14, 2, 10
9, 1, 5, 13, 6, 14, 2, 10
9, 1, 5, 13, 6, 14, 2, 10
9, 1, 5, 13, 10, 2, 6, 14
9, 1, 5, 13, 10, 2, 6, 14
9, 1, 5, 13, 10, 2, 6, 14
9, 1, 5, 13, 10, 2, 6, 14
9, 1, 5, 13, 10, 2, 6, 14
9, 1, 5, 13, 10, 2, 6, 14
9, 1, 5, 13, 10, 2, 6, 14
9, 1, 5, 13, 10, 2, 6, 14
10, 2, 6, 14, 7, 15, 3, 11
10, 2, 6, 14, 7, 15, 3, 11
10, 2, 6, 14, 7, 15, 3, 11
10, 2, 6, 14, 7, 15, 3, 11
10, 2, 6, 14, 7, 15, 3, 11
10, 2, 6, 14, 7, 15, 3, 11
10, 2, 6, 14, 7, 15, 3, 11
10, 2, 6, 14, 11, 3, 7, 15
10, 2, 6, 14, 11, 3, 7, 15
10, 2, 6, 14, 11, 3, 7, 15
10, 2, 6, 14, 11, 3, 7, 15
10, 2, 6, 14, 11, 3, 7, 15
10, 2, 6, 14, 11, 3, 7, 15
10, 2, 6, 14, 11, 3, 7, 15
10, 2, 6, 14, 11, 3, 7, 15
11, 3, 7, 15, 8, 16, 4, 12
11, 3, 7, 15, 8, 16, 4, 12
11, 3, 7, 15, 8, 16, 4, 12
11, 3, 7, 15, 8, 16, 4, 12
11, 3, 7, 15, 8, 16, 4, 12
11, 3, 7, 15, 8, 16, 4, 12
11, 3, 7, 15, 8, 16, 4, 12
11, 3, 7, 15, 12, 4, 8, 16
11, 3, 7, 15, 12, 4, 8, 16
11, 3, 7, 15, 12, 4, 8, 16
11, 3, 7, 15, 12, 4, 8, 16
11, 3, 7, 15, 12, 4, 8, 16
11, 3, 7, 15, 12, 4, 8, 16
11, 3, 7, 15, 12, 4, 8, 16
11, 3, 7, 15, 12, 4, 8, 16
12, 4, 8, 16, 9, 1, 5, 13
12, 4, 8, 16, 9, 1, 5, 13
12, 4, 8, 16, 9, 1, 5, 13
12, 4, 8, 16, 9, 1, 5, 13
12, 4, 8, 16, 9, 1, 5, 13
12, 4, 8, 16, 9, 1, 5, 13
12, 4, 8, 16, 9, 1, 5, 13
12, 4, 8, 16, 13, 5, 9, 1
12, 4, 8, 16, 13, 5, 9, 1
12, 4, 8, 16, 13, 5, 9, 1
12, 4, 8, 16, 13, 5, 9, 1
12, 4, 8, 16, 13, 5, 9, 1
12, 4, 8, 16, 13, 5, 9, 1
12, 4, 8, 16, 13, 5, 9, 1
12, 4, 8, 16, 13, 5, 9, 1
13, 5, 9, 1, 10, 2, 6, 14
13, 5, 9, 1, 10, 2, 6, 14
13, 5, 9, 1, 10, 2, 6, 14
13, 5, 9, 1, 10, 2, 6, 14
13, 5, 9, 1, 10, 2, 6, 14
13, 5, 9, 1, 10, 2, 6, 14
13, 5, 9, 1, 10, 2, 6, 14
13, 5, 9, 1, 14, 6, 10, 2
13, 5, 9, 1, 14, 6, 10, 2
13, 5, 9, 1, 14, 6, 10, 2
13, 5, 9, 1, 14, 6, 10, 2
13, 5, 9, 1, 14, 6, 10, 2
13, 5, 9, 1, 14, 6, 10, 2
13, 5, 9, 1, 14, 6, 10, 2
13, 5, 9, 1, 14, 6, 10, 2
14, 6, 10, 2, 11, 3, 7, 15
14, 6, 10, 2, 11, 3, 7, 15
14, 6, 10, 2, 11, 3, 7, 15
14, 6, 10, 2, 11, 3, 7, 15
14, 6, 10, 2, 11, 3, 7, 15
14, 6, 10, 2, 11, 3, 7, 15
14, 6, 10, 2, 11, 3, 7, 15
14, 6, 10, 2, 15, 7, 11, 3
14, 6, 10, 2, 15, 7, 11, 3
14, 6, 10, 2, 15, 7, 11, 3
14, 6, 10, 2, 15, 7, 11, 3
14, 6, 10, 2, 15, 7, 11, 3
14, 6, 10, 2, 15, 7, 11, 3
14, 6, 10, 2, 15, 7, 11, 3
14, 6, 10, 2, 15, 7, 11, 3
15, 7, 11, 3, 12, 4, 8, 16
15, 7, 11, 3, 12, 4, 8, 16
15, 7, 11, 3, 12, 4, 8, 16
15, 7, 11, 3, 12, 4, 8, 16
15, 7, 11, 3, 12, 4, 8, 16
15, 7, 11, 3, 12, 4, 8, 16
15, 7, 11, 3, 12, 4, 8, 16
1
1
13
13
9
9
5
5
2
2
14
14
10
10
6
6
3
3
15
15
11
11
7
7
4
4
16
16
12
12
8
2
2
14
14
10
10
6
6
3
3
15
15
11
11
7
7
4
4
16
16
12
12
8
8
5
5
1
1
13
13
9
3
3
15
15
11
11
7
7
4
4
16
16
12
12
8
8
5
5
1
1
13
13
9
9
6
6
2
2
14
14
10
4
4
16
16
12
12
8
8
5
5
1
1
13
13
9
9
6
6
2
2
14
14
10
10
7
7
3
3
15
15
11
5
5
1
1
13
13
9
9
6
6
2
2
14
14
10
10
7
7
3
3
15
15
11
11
8
8
4
4
16
16
12
6
6
2
2
14
14
10
10
7
7
3
3
15
15
11
11
8
8
4
4
16
16
12
12
9
9
5
5
1
1
13
7
7
3
3
15
15
11
11
8
8
4
4
16
16
12
12
9
9
5
5
1
1
13
13
10
10
6
6
2
2
14
8
8
4
4
16
16
12
12
9
9
5
5
1
1
13
13
10
10
6
6
2
2
14
14
11
11
7
7
3
3
15
9
9
5
5
1
1
13
13
10
10
6
6
2
2
14
14
11
11
7
7
3
3
15
15
12
12
8
8
4
4
16
10
10
6
6
2
2
14
14
11
11
7
7
3
3
15
15
12
12
8
8
4
4
16
16
13
13
9
9
5
5
1
11
11
7
7
3
3
15
15
12
12
8
8
4
4
16
16
13
13
9
9
5
5
1
1
14
14
10
10
6
6
2
12
12
8
8
4
4
16
16
13
13
9
9
5
5
1
1
14
14
10
10
6
6
2
2
15
15
11
11
7
7
3
1, 9
1, 9
13, 5
13, 5
1, 9
1, 9
13, 5
13, 5
2, 10
2, 10
14, 6
14, 6
2, 10
2, 10
14, 6
14, 6
3, 11
3, 11
15, 7
15, 7
3, 11
3, 11
15, 7
15, 7
4, 12
4, 12
16, 8
16, 8
4, 12
4, 12
16, 8
2, 10
2, 10
14, 6
14, 6
2, 10
2, 10
14, 6
14, 6
3, 11
3, 11
15, 7
15, 7
3, 11
3, 11
15, 7
15, 7
4, 12
4, 12
16, 8
16, 8
4, 12
4, 12
16, 8
16, 8
5, 13
5, 13
1, 9
1, 9
5, 13
5, 13
1, 9
3, 11
3, 11
15, 7
15, 7
3, 11
3, 11
15, 7
15, 7
4, 12
4, 12
16, 8
16, 8
4, 12
4, 12
16, 8
16, 8
5, 13
5, 13
1, 9
1, 9
5, 13
5, 13
1, 9
1, 9
6, 14
6, 14
2, 10
2, 10
6, 14
6, 14
2, 10
4, 12
4, 12
16, 8
16, 8
4, 12
4, 12
16, 8
16, 8
5, 13
5, 13
1, 9
1, 9
5, 13
5, 13
1, 9
1, 9
6, 14
6, 14
2, 10
2, 10
6, 14
6, 14
2, 10
2, 10
7, 15
7, 15
3, 11
3, 11
7, 15
7, 15
3, 11
5, 13
5, 13
1, 9
1, 9
5, 13
5, 13
1, 9
1, 9
6, 14
6, 14
2, 10
2, 10
6, 14
6, 14
2, 10
2, 10
7, 15
7, 15
3, 11
3, 11
7, 15
7, 15
3, 11
3, 11
8, 16
8, 16
4, 12
4, 12
8, 16
8, 16
4, 12
6, 14
6, 14
2, 10
2, 10
6, 14
6, 14
2, 10
2, 10
7, 15
7, 15
3, 11
3, 11
7, 15
7, 15
3, 11
3, 11
8, 16
8, 16
4, 12
4, 12
8, 16
8, 16
4, 12
4, 12
9, 1
9, 1
5, 13
5, 13
9, 1
9, 1
5, 13
7, 15
7, 15
3, 11
3, 11
7, 15
7, 15
3, 11
3, 11
8, 16
8, 16
4, 12
4, 12
8, 16
8, 16
4, 12
4, 12
9, 1
9, 1
5, 13
5, 13
9, 1
9, 1
5, 13
5, 13
10, 2
10, 2
6, 14
6, 14
10, 2
10, 2
6, 14
8, 16
8, 16
4, 12
4, 12
8, 16
8, 16
4, 12
4, 12
9, 1
9, 1
5, 13
5, 13
9, 1
9, 1
5, 13
5, 13
10, 2
10, 2
6, 14
6, 14
10, 2
10, 2
6, 14
6, 14
11, 3
11, 3
7, 15
7, 15
11, 3
11, 3
7, 15
9, 1
9, 1
5, 13
5, 13
9, 1
9, 1
5, 13
5, 13
10, 2
10, 2
6, 14
6, 14
10, 2
10, 2
6, 14
6, 14
11, 3
11, 3
7, 15
7, 15
11, 3
11, 3
7, 15
7, 15
12, 4
12, 4
8, 16
8, 16
12, 4
12, 4
8, 16
10, 2
10, 2
6, 14
6, 14
10, 2
10, 2
6, 14
6, 14
11, 3
11, 3
7, 15
7, 15
11, 3
11, 3
7, 15
7, 15
12, 4
12, 4
8, 16
8, 16
12, 4
12, 4
8, 16
8, 16
13, 5
13, 5
9, 1
9, 1
13, 5
13, 5
9, 1
11, 3
11, 3
7, 15
7, 15
11, 3
11, 3
7, 15
7, 15
12, 4
12, 4
8, 16
8, 16
12, 4
12, 4
8, 16
8, 16
13, 5
13, 5
9, 1
9, 1
13, 5
13, 5
9, 1
9, 1
14, 6
14, 6
10, 2
10, 2
14, 6
14, 6
10, 2
12, 4
12, 4
8, 16
8, 16
12, 4
12, 4
8, 16
8, 16
13, 5
13, 5
9, 1
9, 1
13, 5
13, 5
9, 1
9, 1
14, 6
14, 6
10, 2
10, 2
14, 6
14, 6
10, 2
10, 2
15, 7
15, 7
11, 3
11, 3
15, 7
15, 7
11, 3
1, 9, 13
1, 9, 13
13, 5, 9
13, 5, 9
1, 9, 5
1, 9, 5
13, 5, 1
13, 5, 1
2, 10, 14
2, 10, 14
14, 6, 10
14, 6, 10
2, 10, 6
2, 10, 6
14, 6, 2
14, 6, 2
3, 11, 15
3, 11, 15
15, 7, 11
15, 7, 11
3, 11, 7
3, 11, 7
15, 7, 3
15, 7, 3
4, 12, 16
4, 12, 16
16, 8, 12
16, 8, 12
4, 12, 8
4, 12, 8
16, 8, 4
2, 10, 14
2, 10, 14
14, 6, 10
14, 6, 10
2, 10, 6
2, 10, 6
14, 6, 2
14, 6, 2
3, 11, 15
3, 11, 15
15, 7, 11
15, 7, 11
3, 11, 7
3, 11, 7
15, 7, 3
15, 7, 3
4, 12, 16
4, 12, 16
16, 8, 12
16, 8, 12
4, 12, 8
4, 12, 8
16, 8, 4
16, 8, 4
5, 13, 1
5, 13, 1
1, 9, 13
1, 9, 13
5, 13, 9
5, 13, 9
1, 9, 5
3, 11, 15
3, 11, 15
15, 7, 11
15, 7, 11
3, 11, 7
3, 11, 7
15, 7, 3
15, 7, 3
4, 12, 16
4, 12, 16
16, 8, 12
16, 8, 12
4, 12, 8
4, 12, 8
16, 8, 4
16, 8, 4
5, 13, 1
5, 13, 1
1, 9, 13
1, 9, 13
5, 13, 9
5, 13, 9
1, 9, 5
1, 9, 5
6, 14, 2
6, 14, 2
2, 10, 14
2, 10, 14
6, 14, 10
6, 14, 10
2, 10, 6
4, 12, 16
4, 12, 16
16, 8, 12
16, 8, 12
4, 12, 8
4, 12, 8
16, 8, 4
16, 8, 4
5, 13, 1
5, 13, 1
1, 9, 13
1, 9, 13
5, 13, 9
5, 13, 9
1, 9, 5
1, 9, 5
6, 14, 2
6, 14, 2
2, 10, 14
2, 10, 14
6, 14, 10
6, 14, 10
2, 10, 6
2, 10, 6
7, 15, 3
7, 15, 3
3, 11, 15
3, 11, 15
7, 15, 11
7, 15, 11
3, 11, 7
5, 13, 1
5, 13, 1
1, 9, 13
1, 9, 13
5, 13, 9
5, 13, 9
1, 9, 5
1, 9, 5
6, 14, 2
6, 14, 2
2, 10, 14
2, 10, 14
6, 14, 10
6, 14, 10
2, 10, 6
2, 10, 6
7, 15, 3
7, 15, 3
3, 11, 15
3, 11, 15
7, 15, 11
7, 15, 11
3, 11, 7
3, 11, 7
8, 16, 4
8, 16, 4
4, 12, 16
4, 12, 16
8, 16, 12
8, 16, 12
4, 12, 8
6, 14, 2
6, 14, 2
2, 10, 14
2, 10, 14
6, 14, 10
6, 14, 10
2, 10, 6
2, 10, 6
7, 15, 3
7, 15, 3
3, 11, 15
3, 11, 15
7, 15, 11
7, 15, 11
3, 11, 7
3, 11, 7
8, 16, 4
8, 16, 4
4, 12, 16
4, 12, 16
8, 16, 12
8, 16, 12
4, 12, 8
4, 12, 8
9, 1, 5
9, 1, 5
5, 13, 1
5, 13, 1
9, 1, 13
9, 1, 13
5, 13, 9
7, 15, 3
7, 15, 3
3, 11, 15
3, 11, 15
7, 15, 11
7, 15, 11
3, 11, 7
3, 11, 7
8, 16, 4
8, 16, 4
4, 12, 16
4, 12, 16
8, 16, 12
8, 16, 12
4, 12, 8
4, 12, 8
9, 1, 5
9, 1, 5
5, 13, 1
5, 13, 1
9, 1, 13
9, 1, 13
5, 13, 9
5, 13, 9
10, 2, 6
10, 2, 6
6, 14, 2
6, 14, 2
10, 2, 14
10, 2, 14
6, 14, 10
8, 16, 4
8, 16, 4
4, 12, 16
4, 12, 16
8, 16, 12
8, 16, 12
4, 12, 8
4, 12, 8
9, 1, 5
9, 1, 5
5, 13, 1
5, 13, 1
9, 1, 13
9, 1, 13
5, 13, 9
5, 13, 9
10, 2, 6
10, 2, 6
6, 14, 2
6, 14, 2
10, 2, 14
10, 2, 14
6, 14, 10
6, 14, 10
11, 3, 7
11, 3, 7
7, 15, 3
7, 15, 3
11, 3, 15
11, 3, 15
7, 15, 11
9, 1, 5
9, 1, 5
5, 13, 1
5, 13, 1
9, 1, 13
9, 1, 13
5, 13, 9
5, 13, 9
10, 2, 6
10, 2, 6
6, 14, 2
6, 14, 2
10, 2, 14
10, 2, 14
6, 14, 10
6, 14, 10
11, 3, 7
11, 3, 7
7, 15, 3
7, 15, 3
11, 3, 15
11, 3, 15
7, 15, 11
7, 15, 11
12, 4, 8
12, 4, 8
8, 16, 4
8, 16, 4
12, 4, 16
12, 4, 16
8, 16, 12
10, 2, 6
10, 2, 6
6, 14, 2
6, 14, 2
10, 2, 14
10, 2, 14
6, 14, 10
6, 14, 10
11, 3, 7
11, 3, 7
7, 15, 3
7, 15, 3
11, 3, 15
11, 3, 15
7, 15, 11
7, 15, 11
12, 4, 8
12, 4, 8
8, 16, 4
8, 16, 4
12, 4, 16
12, 4, 16
8, 16, 12
8, 16, 12
13, 5, 9
13, 5, 9
9, 1, 5
9, 1, 5
13, 5, 1
13, 5, 1
9, 1, 13
11, 3, 7
11, 3, 7
7, 15, 3
7, 15, 3
11, 3, 15
11, 3, 15
7, 15, 11
7, 15, 11
12, 4, 8
12, 4, 8
8, 16, 4
8, 16, 4
12, 4, 16
12, 4, 16
8, 16, 12
8, 16, 12
13, 5, 9
13, 5, 9
9, 1, 5
9, 1, 5
13, 5, 1
13, 5, 1
9, 1, 13
9, 1, 13
14, 6, 10
14, 6, 10
10, 2, 6
10, 2, 6
14, 6, 2
14, 6, 2
10, 2, 14
12, 4, 8
12, 4, 8
8, 16, 4
8, 16, 4
12, 4, 16
12, 4, 16
8, 16, 12
8, 16, 12
13, 5, 9
13, 5, 9
9, 1, 5
9, 1, 5
13, 5, 1
13, 5, 1
9, 1, 13
9, 1, 13
14, 6, 10
14, 6, 10
10, 2, 6
10, 2, 6
14, 6, 2
14, 6, 2
10, 2, 14
10, 2, 14
15, 7, 11
15, 7, 11
11, 3, 7
11, 3, 7
15, 7, 3
15, 7, 3
11, 3, 15
1, 9, 13, 5
1, 9, 13, 5
1, 9, 13, 5
1, 9, 13, 5
1, 9, 13, 5
1, 9, 13, 5
1, 9, 13, 5
1, 9, 13, 5
2, 10, 14, 6
2, 10, 14, 6
2, 10, 14, 6
2, 10, 14, 6
2, 10, 14, 6
2, 10, 14, 6
2, 10, 14, 6
2, 10, 14, 6
3, 11, 15, 7
3, 11, 15, 7
3, 11, 15, 7
3, 11, 15, 7
3, 11, 15, 7
3, 11, 15, 7
3, 11, 15, 7
3, 11, 15, 7
4, 12, 16, 8
4, 12, 16, 8
4, 12, 16, 8
4, 12, 16, 8
4, 12, 16, 8
4, 12, 16, 8
4, 12, 16, 8
2, 10, 14, 6
2, 10, 14, 6
2, 10, 14, 6
2, 10, 14, 6
2, 10, 14, 6
2, 10, 14, 6
2, 10, 14, 6
2, 10, 14, 6
3, 11, 15, 7
3, 11, 15, 7
3, 11, 15, 7
3, 11, 15, 7
3, 11, 15, 7
3, 11, 15, 7
3, 11, 15, 7
3, 11, 15, 7
4, 12, 16, 8
4, 12, 16, 8
4, 12, 16, 8
4, 12, 16, 8
4, 12, 16, 8
4, 12, 16, 8
4, 12, 16, 8
4, 12, 16, 8
5, 13, 1, 9
5, 13, 1, 9
5, 13, 1, 9
5, 13, 1, 9
5, 13, 1, 9
5, 13, 1, 9
5, 13, 1, 9
3, 11, 15, 7
3, 11, 15, 7
3, 11, 15, 7
3, 11, 15, 7
3, 11, 15, 7
3, 11, 15, 7
3, 11, 15, 7
3, 11, 15, 7
4, 12, 16, 8
4, 12, 16, 8
4, 12, 16, 8
4, 12, 16, 8
4, 12, 16, 8
4, 12, 16, 8
4, 12, 16, 8
4, 12, 16, 8
5, 13, 1, 9
5, 13, 1, 9
5, 13, 1, 9
5, 13, 1, 9
5, 13, 1, 9
5, 13, 1, 9
5, 13, 1, 9
5, 13, 1, 9
6, 14, 2, 10
6, 14, 2, 10
6, 14, 2, 10
6, 14, 2, 10
6, 14, 2, 10
6, 14, 2, 10
6, 14, 2, 10
4, 12, 16, 8
4, 12, 16, 8
4, 12, 16, 8
4, 12, 16, 8
4, 12, 16, 8
4, 12, 16, 8
4, 12, 16, 8
4, 12, 16, 8
5, 13, 1, 9
5, 13, 1, 9
5, 13, 1, 9
5, 13, 1, 9
5, 13, 1, 9
5, 13, 1, 9
5, 13, 1, 9
5, 13, 1, 9
6, 14, 2, 10
6, 14, 2, 10
6, 14, 2, 10
6, 14, 2, 10
6, 14, 2, 10
6, 14, 2, 10
6, 14, 2, 10
6, 14, 2, 10
7, 15, 3, 11
7, 15, 3, 11
7, 15, 3, 11
7, 15, 3, 11
7, 15, 3, 11
7, 15, 3, 11
7, 15, 3, 11
5, 13, 1, 9
5, 13, 1, 9
5, 13, 1, 9
5, 13, 1, 9
5, 13, 1, 9
5, 13, 1, 9
5, 13, 1, 9
5, 13, 1, 9
6, 14, 2, 10
6, 14, 2, 10
6, 14, 2, 10
6, 14, 2, 10
6, 14, 2, 10
6, 14, 2, 10
6, 14, 2, 10
6, 14, 2, 10
7, 15, 3, 11
7, 15, 3, 11
7, 15, 3, 11
7, 15, 3, 11
7, 15, 3, 11
7, 15, 3, 11
7, 15, 3, 11
7, 15, 3, 11
8, 16, 4, 12
8, 16, 4, 12
8, 16, 4, 12
8, 16, 4, 12
8, 16, 12
8, 16, 12
8, 16, 4, 12
6, 14, 2, 10
6, 14, 2, 10
6, 14, 2, 10
6, 14, 2, 10
6, 14, 2, 10
6, 14, 2, 10
6, 14, 2, 10
6, 14, 2, 10
7, 15, 3, 11
7, 15, 3, 11
7, 15, 3, 11
7, 15, 3, 11
7, 15, 3, 11
7, 15, 3, 11
7, 15, 3, 11
7, 15, 3, 11
8, 16, 4, 12
8, 16, 4, 12
8, 16, 4, 12
8, 16, 4, 12
8, 16, 4, 12
8, 16, 4, 12
8, 16, 4, 12
8, 16, 4, 12
9, 1, 5, 13
9, 1, 5, 13
9, 1, 5, 13
9, 1, 5, 13
9, 1, 5, 13
9, 1, 5, 13
9, 1, 5, 13
7, 15, 3, 11
7, 15, 3, 11
7, 15, 3, 11
7, 15, 3, 11
7, 15, 3, 11
7, 15, 3, 11
7, 15, 3, 11
7, 15, 3, 11
8, 16, 4, 12
8, 16, 4, 12
8, 16, 4, 12
8, 16, 4, 12
8, 16, 4, 12
8, 16, 4, 12
8, 16, 4, 12
8, 16, 4, 12
9, 1, 5, 13
9, 1, 5, 13
9, 1, 5, 13
9, 1, 5, 13
9, 1, 5, 13
9, 1, 5, 13
9, 1, 5, 13
9, 1, 5, 13
10, 2, 6, 14
10, 2, 6, 14
10, 2, 6, 14
10, 2, 6, 14
10, 2, 6, 14
10, 2, 6, 14
10, 2, 6, 14
8, 16, 4, 12
8, 16, 4, 12
8, 16, 4, 12
8, 16, 4, 12
8, 16, 4, 12
8, 16, 4, 12
8, 16, 4, 12
8, 16, 4, 12
9, 1, 5, 13
9, 1, 5, 13
9, 1, 5, 13
9, 1, 5, 13
9, 1, 5, 13
9, 1, 5, 13
9, 1, 5, 13
9, 1, 5, 13
10, 2, 6, 14
10, 2, 6, 14
10, 2, 6, 14
10, 2, 6, 14
10, 2, 6, 14
10, 2, 6, 14
10, 2, 6, 14
10, 2, 6, 14
11, 3, 7, 15
11, 3, 7, 15
11, 3, 7, 15
11, 3, 7, 15
11, 3, 7, 15
11, 3, 7, 15
11, 3, 7, 15
9, 1, 5, 13
9, 1, 5, 13
9, 1, 5, 13
9, 1, 5, 13
9, 1, 5, 13
9, 1, 5, 13
9, 1, 5, 13
9, 1, 5, 13
10, 2, 6, 14
10, 2, 6, 14
10, 2, 6, 14
10, 2, 6, 14
10, 2, 6, 14
10, 2, 6, 14
10, 2, 6, 14
10, 2, 6, 14
11, 3, 7, 15
11, 3, 7, 15
11, 3, 7, 15
11, 3, 7, 15
11, 3, 7, 15
11, 3, 7, 15
11, 3, 7, 15
11, 3, 7, 15
12, 4, 8, 16
12, 4, 8, 16
12, 4, 8, 16
12, 4, 8, 16
12, 4, 8, 16
12, 4, 8, 16
12, 4, 8, 16
10, 2, 6, 14
10, 2, 6, 14
10, 2, 6, 14
10, 2, 6, 14
10, 2, 6, 14
10, 2, 6, 14
10, 2, 6, 14
10, 2, 6, 14
11, 3, 7, 15
11, 3, 7, 15
11, 3, 7, 15
11, 3, 7, 15
11, 3, 7, 15
11, 3, 7, 15
11, 3, 7, 15
11, 3, 7, 15
12, 4, 8, 16
12, 4, 8, 16
12, 4, 8, 16
12, 4, 8, 16
12, 4, 8, 16
12, 4, 8, 16
12, 4, 8, 16
12, 4, 8, 16
13, 5, 9, 1
13, 5, 9, 1
13, 5, 9, 1
13, 5, 9, 1
13, 5, 9, 1
13, 5, 9, 1
13, 5, 9, 1
11, 3, 7, 15
11, 3, 7, 15
11, 3, 7, 15
11, 3, 7, 15
11, 3, 7, 15
11, 3, 7, 15
11, 3, 7, 15
11, 3, 7, 15
12, 4, 8, 16
12, 4, 8, 16
12, 4, 8, 16
12, 4, 8, 16
12, 4, 8, 16
12, 4, 8, 16
12, 4, 8, 16
12, 4, 8, 16
13, 5, 9, 1
13, 5, 9, 1
13, 5, 9, 1
13, 5, 9, 1
13, 5, 9, 1
13, 5, 9, 1
13, 5, 9, 1
13, 5, 9, 1
14, 6, 10, 2
14, 6, 10, 2
14, 6, 10, 2
14, 6, 10, 2
14, 6, 10, 2
14, 6, 10, 2
14, 6, 10, 2
12, 4, 8, 16
12, 4, 8, 16
12, 4, 8, 16
12, 4, 8, 16
12, 4, 8, 16
12, 4, 8, 16
12, 4, 8, 16
12, 4, 8, 16
13, 5, 9, 1
13, 5, 9, 1
13, 5, 9, 1
13, 5, 9, 1
13, 5, 9, 1
13, 5, 9, 1
13, 5, 9, 1
13, 5, 9, 1
14, 6, 10, 2
14, 6, 10, 2
14, 6, 10, 2
14, 6, 10, 2
14, 6, 10, 2
14, 6, 10, 2
14, 6, 10, 2
14, 6, 10, 2
15, 7, 11, 3
15, 7, 11, 3
15, 7, 11, 3
15, 7, 11, 3
15, 7, 11, 3
15, 7, 11, 3
15, 7, 11, 3
1, 9, 13, 5, 2
1, 9, 13, 5, 2
1, 9, 13, 5, 14
1, 9, 13, 5, 14
1, 9, 13, 5, 10
1, 9, 13, 5, 10
1, 9, 13, 5, 6
1, 9, 13, 5, 6
2, 10, 14, 6, 3
2, 10, 14, 6, 3
2, 10, 14, 6, 15
2, 10, 14, 6, 15
2, 10, 14, 6, 11
2, 10, 14, 6, 11
2, 10, 14, 6, 7
2, 10, 14, 6, 7
2, 10, 14, 6, 3
2, 10, 14, 6, 3
2, 10, 14, 6, 15
2, 10, 14, 6, 15
2, 10, 14, 6, 11
2, 10, 14, 6, 11
2, 10, 14, 6, 7
2, 10, 14, 6, 7
3, 11, 15, 7, 4
3, 11, 15, 7, 4
3, 11, 15, 7, 16
3, 11, 15, 7, 16
3, 11, 15, 7, 12
3, 11, 15, 7, 12
3, 11, 15, 7, 8
3, 11, 15, 7, 8
3, 11, 15, 7, 4
3, 11, 15, 7, 4
3, 11, 15, 7, 16
3, 11, 15, 7, 16
3, 11, 15, 7, 12
3, 11, 15, 7, 12
3, 11, 15, 7, 8
3, 11, 15, 7, 8
4, 12, 16, 8, 5
4, 12, 16, 8, 5
4, 12, 16, 8, 1
4, 12, 16, 8, 1
4, 12, 16, 8, 13
4, 12, 16, 8, 13
4, 12, 16, 8, 9
4, 12, 16, 8, 9
4, 12, 16, 8, 5
4, 12, 16, 8, 5
4, 12, 16, 8, 1
4, 12, 16, 8, 1
4, 12, 16, 8, 13
4, 12, 16, 8, 13
4, 12, 16, 8, 9
4, 12, 16, 8, 9
5, 13, 1, 9, 6
5, 13, 1, 9, 6
5, 13, 1, 9, 2
5, 13, 1, 9, 2
5, 13, 1, 9, 14
5, 13, 1, 9, 14
5, 13, 1, 9, 10
5, 13, 1, 9, 10
5, 13, 1, 9, 6
5, 13, 1, 9, 6
5, 13, 1, 9, 2
5, 13, 1, 9, 2
5, 13, 1, 9, 14
5, 13, 1, 9, 14
5, 13, 1, 9, 10
5, 13, 1, 9, 10
6, 14, 2, 10, 7
6, 14, 2, 10, 7
6, 14, 2, 10, 3
6, 14, 2, 10, 3
6, 14, 2, 10, 15
6, 14, 2, 10, 15
6, 14, 2, 10, 11
6, 14, 2, 10, 11
6, 14, 2, 10, 7
6, 14, 2, 10, 7
6, 14, 2, 10, 3
6, 14, 2, 10, 3
6, 14, 2, 10, 15
6, 14, 2, 10, 15
6, 14, 2, 10, 11
6, 14, 2, 10, 11
7, 15, 3, 11, 8
7, 15, 3, 11, 8
7, 15, 3, 11, 4
7, 15, 3, 11, 4
7, 15, 3, 11, 16
7, 15, 3, 11, 16
7, 15, 3, 11, 12
7, 15, 3, 11, 12
7, 15, 3, 11, 8
7, 15, 3, 11, 8
7, 15, 3, 11, 4
7, 15, 3, 11, 4
7, 15, 3, 11, 16
7, 15, 3, 11, 16
7, 15, 3, 11, 12
7, 15, 3, 11, 12
8, 16, 4, 12, 9
8, 16, 4, 12, 9
8, 16, 4, 12, 5
8, 16, 4, 12, 5
8, 16, 4, 12, 1
8, 16, 4, 12, 1
8, 16, 4, 12, 13
8, 16, 4, 12, 13
8, 16, 4, 12, 9
8, 16, 4, 12, 9
8, 16, 4, 12, 5
8, 16, 4, 12, 5
8, 16, 4, 12, 1
8, 16, 4, 12, 1
8, 16, 4, 12, 13
8, 16, 4, 12, 13
9, 1, 5, 13, 10
9, 1, 5, 13, 10
9, 1, 5, 13, 6
9, 1, 5, 13, 6
9, 1, 5, 13, 2
9, 1, 5, 13, 2
9, 1, 5, 13, 14
9, 1, 5, 13, 14
9, 1, 5, 13, 10
9, 1, 5, 13, 10
9, 1, 5, 13, 6
9, 1, 5, 13, 6
9, 1, 5, 13, 2
9, 1, 5, 13, 2
9, 1, 5, 13, 14
9, 1, 5, 13, 14
10, 2, 6, 14, 11
10, 2, 6, 14, 11
10, 2, 6, 14, 7
10, 2, 6, 14, 7
10, 2, 6, 14, 3
10, 2, 6, 14, 3
10, 2, 6, 14, 15
10, 2, 6, 14, 15
10, 2, 6, 14, 11
10, 2, 6, 14, 11
10, 2, 6, 14, 7
10, 2, 6, 14, 7
10, 2, 6, 14, 3
10, 2, 6, 14, 3
10, 2, 6, 14, 15
10, 2, 6, 14, 15
11, 3, 7, 15, 12
11, 3, 7, 15, 12
11, 3, 7, 15, 8
11, 3, 7, 15, 8
11, 3, 7, 15, 4
11, 3, 7, 15, 4
11, 3, 7, 15, 16
11, 3, 7, 15, 16
11, 3, 7, 15, 12
11, 3, 7, 15, 12
11, 3, 7, 15, 8
11, 3, 7, 15, 8
11, 3, 7, 15, 4
11, 3, 7, 15, 4
11, 3, 7, 15, 16
11, 3, 7, 15, 16
12, 4, 8, 16, 13
12, 4, 8, 16, 13
12, 4, 8, 16, 9
12, 4, 8, 16, 9
12, 4, 8, 16, 5
12, 4, 8, 16, 5
12, 4, 8, 16, 1
12, 4, 8, 16, 1
12, 4, 8, 16, 13
12, 4, 8, 16, 13
12, 4, 8, 16, 9
12, 4, 8, 16, 9
12, 4, 8, 16, 5
12, 4, 8, 16, 5
12, 4, 8, 16, 1
12, 4, 8, 16, 1
13, 5, 9, 1, 14
13, 5, 9, 1, 14
13, 5, 9, 1, 10
13, 5, 9, 1, 10
13, 5, 9, 1, 6
13, 5, 9, 1, 6
13, 5, 9, 1, 2
13, 5, 9, 1, 2
3, 11, 15, 7, 4
3, 11, 15, 7, 4
3, 11, 15, 7, 16
3, 11, 15, 7, 16
3, 11, 15, 7, 12
3, 11, 15, 7, 12
3, 11, 15, 7, 8
3, 11, 15, 7, 8
4, 12, 16, 8, 1
4, 12, 16, 8, 1
4, 12, 16, 8, 13
4, 12, 16, 8, 13
4, 12, 16, 8, 9
4, 12, 16, 8, 9
4, 12, 16, 8, 5
4, 12, 16, 8, 5
4, 12, 16, 8, 5
4, 12, 16, 8, 1
4, 12, 16, 8, 1
4, 12, 16, 8, 13
4, 12, 16, 8, 13
4, 12, 16, 8, 9
4, 12, 16, 8, 9
5, 13, 1, 9, 2
5, 13, 1, 9, 2
5, 13, 1, 9, 14
5, 13, 1, 9, 14
5, 13, 1, 9, 10
5, 13, 1, 9, 10
5, 13, 1, 9, 6
5, 13, 1, 9, 6
5, 13, 1, 9, 6
5, 13, 1, 9, 2
5, 13, 1, 9, 2
5, 13, 1, 9, 14
5, 13, 1, 9, 14
5, 13, 1, 9, 10
5, 13, 1, 9, 10
6, 14, 2, 10, 3
6, 14, 2, 10, 3
6, 14, 2, 10, 15
6, 14, 2, 10, 15
6, 14, 2, 10, 11
6, 14, 2, 10, 11
6, 14, 2, 10, 7
6, 14, 2, 10, 7
6, 14, 2, 10, 7
6, 14, 2, 10, 3
6, 14, 2, 10, 3
6, 14, 2, 10, 15
6, 14, 2, 10, 15
6, 14, 2, 10, 11
6, 14, 2, 10, 11
7, 15, 3, 11, 4
7, 15, 3, 11, 4
7, 15, 3, 11, 16
7, 15, 3, 11, 16
7, 15, 3, 11, 12
7, 15, 3, 11, 12
7, 15, 3, 11, 8
7, 15, 3, 11, 8
7, 15, 3, 11, 8
7, 15, 3, 11, 4
7, 15, 3, 11, 4
7, 15, 3, 11, 16
7, 15, 3, 11, 16
7, 15, 3, 11, 12
7, 15, 3, 11, 12
8, 16, 4, 12, 5
8, 16, 4, 12, 5
8, 16, 4, 12, 1
8, 16, 4, 12, 1
8, 16, 4, 12, 13
8, 16, 4, 12, 13
8, 16, 4, 12, 9
8, 16, 4, 12, 9
8, 16, 4, 12, 9
8, 16, 4, 12, 5
8, 16, 4, 12, 5
8, 16, 4, 12, 1
8, 16, 4, 12, 1
8, 16, 4, 12, 13
8, 16, 4, 12, 13
9, 1, 5, 13, 6
9, 1, 5, 13, 6
9, 1, 5, 13, 2
9, 1, 5, 13, 2
9, 1, 5, 13, 14
9, 1, 5, 13, 14
9, 1, 5, 13, 10
9, 1, 5, 13, 10
9, 1, 5, 13, 10
9, 1, 5, 13, 6
9, 1, 5, 13, 6
9, 1, 5, 13, 2
9, 1, 5, 13, 2
9, 1, 5, 13, 14
9, 1, 5, 13, 14
10, 2, 6, 14, 7
10, 2, 6, 14, 7
10, 2, 6, 14, 3
10, 2, 6, 14, 3
10, 2, 6, 14, 15
10, 2, 6, 14, 15
10, 2, 6, 14, 11
10, 2, 6, 14, 11
10, 2, 6, 14, 11
10, 2, 6, 14, 7
10, 2, 6, 14, 7
10, 2, 6, 14, 3
10, 2, 6, 14, 3
10, 2, 6, 14, 15
10, 2, 6, 14, 15
11, 3, 7, 15, 8
11, 3, 7, 15, 8
11, 3, 7, 15, 4
11, 3, 7, 15, 4
11, 3, 7, 15, 16
11, 3, 7, 15, 16
11, 3, 7, 15, 12
11, 3, 7, 15, 12
11, 3, 7, 15, 12
11, 3, 7, 15, 8
11, 3, 7, 15, 8
11, 3, 7, 15, 4
11, 3, 7, 15, 4
11, 3, 7, 15, 16
11, 3, 7, 15, 16
12, 4, 8, 16, 9
12, 4, 8, 16, 9
12, 4, 8, 16, 5
12, 4, 8, 16, 5
12, 4, 8, 16, 1
12, 4, 8, 16, 1
12, 4, 8, 16, 13
12, 4, 8, 16, 13
12, 4, 8, 16, 13
12, 4, 8, 16, 9
12, 4, 8, 16, 9
12, 4, 8, 16, 5
12, 4, 8, 16, 5
12, 4, 8, 16, 1
12, 4, 8, 16, 1
13, 5, 9, 1, 10
13, 5, 9, 1, 10
13, 5, 9, 1, 6
13, 5, 9, 1, 6
13, 5, 9, 1, 2
13, 5, 9, 1, 2
13, 5, 9, 1, 14
13, 5, 9, 1, 14
13, 5, 9, 1, 14
13, 5, 9, 1, 10
13, 5, 9, 1, 10
13, 5, 9, 1, 6
13, 5, 9, 1, 6
13, 5, 9, 1, 2
13, 5, 9, 1, 2
14, 6, 10, 2, 11
14, 6, 10, 2, 11
14, 6, 10, 2, 7
14, 6, 10, 2, 7
14, 6, 10, 2, 3
14, 6, 10, 2, 3
14, 6, 10, 2, 15
14, 6, 10, 2, 15
14, 6, 10, 2, 15
14, 6, 10, 2, 11
14, 6, 10, 2, 11
14, 6, 10, 2, 7
14, 6, 10, 2, 7
14, 6, 10, 2, 3
14, 6, 10, 2, 3
15, 7, 11, 3, 12
15, 7, 11, 3, 12
15, 7, 11, 3, 8
15, 7, 11, 3, 8
15, 7, 11, 3, 4
15, 7, 11, 3, 4
15, 7, 11, 3, 16
1, 9, 13, 5, 2, 10
1, 9, 13, 5, 2, 10
1, 9, 13, 5, 14, 6
1, 9, 13, 5, 14, 6
1, 9, 13, 5, 2, 10
1, 9, 13, 5, 2, 10
1, 9, 13, 5, 14, 6
1, 9, 13, 5, 14, 6
2, 10, 14, 6, 3, 11
2, 10, 14, 6, 3, 11
2, 10, 14, 6, 15, 7
2, 10, 14, 6, 15, 7
2, 10, 14, 6, 3, 11
2, 10, 14, 6, 3, 11
2, 10, 14, 6, 15, 7
2, 10, 14, 6, 15, 7
2, 10, 14, 6, 3, 11
2, 10, 14, 6, 3, 11
2, 10, 14, 6, 15, 7
2, 10, 14, 6, 15, 7
2, 10, 14, 6, 3, 11
2, 10, 14, 6, 3, 11
2, 10, 14, 6, 15, 7
2, 10, 14, 6, 15, 7
3, 11, 15, 7, 4, 12
3, 11, 15, 7, 4, 12
3, 11, 15, 7, 16, 8
3, 11, 15, 7, 16, 8
3, 11, 15, 7, 4, 12
3, 11, 15, 7, 4, 12
3, 11, 15, 7, 16, 8
3, 11, 15, 7, 16, 8
3, 11, 15, 7, 4, 12
3, 11, 15, 7, 4, 12
3, 11, 15, 7, 16, 8
3, 11, 15, 7, 16, 8
3, 11, 15, 7, 4, 12
3, 11, 15, 7, 4, 12
3, 11, 15, 7, 16, 8
3, 11, 15, 7, 16, 8
4, 12, 16, 8, 5, 13
4, 12, 16, 8, 5, 13
4, 12, 16, 8, 1, 9
4, 12, 16, 8, 1, 9
4, 12, 16, 8, 5, 13
4, 12, 16, 8, 5, 13
4, 12, 16, 8, 1, 9
4, 12, 16, 8, 1, 9
4, 12, 16, 8, 5, 13
4, 12, 16, 8, 5, 13
4, 12, 16, 8, 1, 9
4, 12, 16, 8, 1, 9
4, 12, 16, 8, 5, 13
4, 12, 16, 8, 5, 13
4, 12, 16, 8, 1, 9
4, 12, 16, 8, 1, 9
5, 13, 1, 9, 6, 14
5, 13, 1, 9, 6, 14
5, 13, 1, 9, 2, 10
5, 13, 1, 9, 2, 10
5, 13, 1, 9, 6, 14
5, 13, 1, 9, 6, 14
5, 13, 1, 9, 2, 10
5, 13, 1, 9, 2, 10
5, 13, 1, 9, 6, 14
5, 13, 1, 9, 6, 14
5, 13, 1, 9, 2, 10
5, 13, 1, 9, 2, 10
5, 13, 1, 9, 6, 14
5, 13, 1, 9, 6, 14
5, 13, 1, 9, 2, 10
5, 13, 1, 9, 2, 10
6, 14, 2, 10, 7, 15
6, 14, 2, 10, 7, 15
6, 14, 2, 10, 3, 11
6, 14, 2, 10, 3, 11
6, 14, 2, 10, 7, 15
6, 14, 2, 10, 7, 15
6, 14, 2, 10, 3, 11
6, 14, 2, 10, 3, 11
6, 14, 2, 10, 7, 15
6, 14, 2, 10, 7, 15
6, 14, 2, 10, 3, 11
6, 14, 2, 10, 3, 11
6, 14, 2, 10, 7, 15
6, 14, 2, 10, 7, 15
6, 14, 2, 10, 3, 11
6, 14, 2, 10, 3, 11
7, 15, 3, 11, 8, 16
7, 15, 3, 11, 8, 16
7, 15, 3, 11, 4, 12
7, 15, 3, 11, 4, 12
7, 15, 3, 11, 8, 16
7, 15, 3, 11, 8, 16
7, 15, 3, 11, 4, 12
7, 15, 3, 11, 4, 12
7, 15, 3, 11, 8, 16
7, 15, 3, 11, 8, 16
7, 15, 3, 11, 4, 12
7, 15, 3, 11, 4, 12
7, 15, 3, 11, 8, 16
7, 15, 3, 11, 8, 16
7, 15, 3, 11, 4, 12
7, 15, 3, 11, 4, 12
8, 16, 4, 12, 9, 1
8, 16, 4, 12, 9, 1
8, 16, 4, 12, 5, 13
8, 16, 4, 12, 5, 13
8, 16, 4, 12, 9, 1
8, 16, 4, 12, 9, 1
8, 16, 4, 12, 5, 13
8, 16, 4, 12, 5, 13
8, 16, 4, 12, 9, 1
8, 16, 4, 12, 9, 1
8, 16, 4, 12, 5, 13
8, 16, 4, 12, 5, 13
8, 16, 4, 12, 9, 1
8, 16, 4, 12, 9, 1
8, 16, 4, 12, 5, 13
8, 16, 4, 12, 5, 13
9, 1, 5, 13, 10, 2
9, 1, 5, 13, 10, 2
9, 1, 5, 13, 6, 14
9, 1, 5, 13, 6, 14
9, 1, 5, 13, 10, 2
9, 1, 5, 13, 10, 2
9, 1, 5, 13, 6, 14
9, 1, 5, 13, 6, 14
9, 1, 5, 13, 10, 2
9, 1, 5, 13, 10, 2
9, 1, 5, 13, 6, 14
9, 1, 5, 13, 6, 14
9, 1, 5, 13, 10, 2
9, 1, 5, 13, 10, 2
9, 1, 5, 13, 6, 14
9, 1, 5, 13, 6, 14
10, 2, 6, 14, 11, 3
10, 2, 6, 14, 11, 3
10, 2, 6, 14, 7, 15
10, 2, 6, 14, 7, 15
10, 2, 6, 14, 11, 3
10, 2, 6, 14, 11, 3
10, 2, 6, 14, 7, 15
10, 2, 6, 14, 7, 15
10, 2, 6, 14, 11, 3
10, 2, 6, 14, 11, 3
10, 2, 6, 14, 7, 15
10, 2, 6, 14, 7, 15
10, 2, 6, 14, 11, 3
10, 2, 6, 14, 11, 3
10, 2, 6, 14, 7, 15
10, 2, 6, 14, 7, 15
11, 3, 7, 15, 12, 4
11, 3, 7, 15, 12, 4
11, 3, 7, 15, 8, 16
11, 3, 7, 15, 8, 16
11, 3, 7, 15, 12, 4
11, 3, 7, 15, 12, 4
11, 3, 7, 15, 8, 16
11, 3, 7, 15, 8, 16
11, 3, 7, 15, 12, 4
11, 3, 7, 15, 12, 4
11, 3, 7, 15, 8, 16
11, 3, 7, 15, 8, 16
11, 3, 7, 15, 12, 4
11, 3, 7, 15, 12, 4
11, 3, 7, 15, 8, 16
11, 3, 7, 15, 8, 16
12, 4, 8, 16, 13, 5
12, 4, 8, 16, 13, 5
12, 4, 8, 16, 9, 1
12, 4, 8, 16, 9, 1
12, 4, 8, 16, 13, 5
12, 4, 8, 16, 13, 5
12, 4, 8, 16, 9, 1
12, 4, 8, 16, 9, 1
12, 4, 8, 16, 13, 5
12, 4, 8, 16, 13, 5
12, 4, 8, 16, 9, 1
12, 4, 8, 16, 9, 1
12, 4, 8, 16, 13, 5
12, 4, 8, 16, 13, 5
12, 4, 8, 16, 9, 1
12, 4, 8, 16, 9, 1
13, 5, 9, 1, 14, 6
13, 5, 9, 1, 14, 6
13, 5, 9, 1, 10, 2
13, 5, 9, 1, 10, 2
13, 5, 9, 1, 14, 6
13, 5, 9, 1, 14, 6
13, 5, 9, 1, 10, 2
13, 5, 9, 1, 10, 2
3, 11, 15, 7, 4, 12
3, 11, 15, 7, 4, 12
3, 11, 15, 7, 16, 8
3, 11, 15, 7, 16, 8
3, 11, 15, 7, 4, 12
3, 11, 15, 7, 4, 12
3, 11, 15, 7, 16, 8
3, 11, 15, 7, 16, 8
4, 12, 16, 8, 1, 9
4, 12, 16, 8, 1, 9
4, 12, 16, 8, 13, 5
4, 12, 16, 8, 13, 5
4, 12, 16, 8, 1, 9
4, 12, 16, 8, 1, 9
4, 12, 16, 8, 13, 5
4, 12, 16, 8, 5, 13
4, 12, 16, 8, 5, 13
4, 12, 16, 8, 1, 9
4, 12, 16, 8, 1, 9
4, 12, 16, 8, 5, 13
4, 12, 16, 8, 5, 13
4, 12, 16, 8, 1, 9
4, 12, 16, 8, 1, 9
5, 13, 1, 9, 2, 10
5, 13, 1, 9, 2, 10
5, 13, 1, 9, 14, 6
5, 13, 1, 9, 14, 6
5, 13, 1, 9, 2, 10
5, 13, 1, 9, 2, 10
5, 13, 1, 9, 14, 6
5, 13, 1, 9, 6, 14
5, 13, 1, 9, 6, 14
5, 13, 1, 9, 2, 10
5, 13, 1, 9, 2, 10
5, 13, 1, 9, 6, 14
5, 13, 1, 9, 6, 14
5, 13, 1, 9, 2, 10
5, 13, 1, 9, 2, 10
6, 14, 2, 10, 3, 11
6, 14, 2, 10, 3, 11
6, 14, 2, 10, 15, 7
6, 14, 2, 10, 15, 7
6, 14, 2, 10, 3, 11
6, 14, 2, 10, 3, 11
6, 14, 2, 10, 15, 7
6, 14, 2, 10, 7, 15
6, 14, 2, 10, 7, 15
6, 14, 2, 10, 3, 11
6, 14, 2, 10, 3, 11
6, 14, 2, 10, 7, 15
6, 14, 2, 10, 7, 15
6, 14, 2, 10, 3, 11
6, 14, 2, 10, 3, 11
7, 15, 3, 11, 4, 12
7, 15, 3, 11, 4, 12
7, 15, 3, 11, 16, 8
7, 15, 3, 11, 16, 8
7, 15, 3, 11, 4, 12
7, 15, 3, 11, 4, 12
7, 15, 3, 11, 16, 8
7, 15, 3, 11, 8, 16
7, 15, 3, 11, 8, 16
7, 15, 3, 11, 4, 12
7, 15, 3, 11, 4, 12
7, 15, 3, 11, 8, 16
7, 15, 3, 11, 8, 16
7, 15, 3, 11, 4, 12
7, 15, 3, 11, 4, 12
8, 16, 4, 12, 5, 13
8, 16, 4, 12, 5, 13
8, 16, 4, 12, 1, 9
8, 16, 4, 12, 1, 9
8, 16, 4, 12, 5, 13
8, 16, 4, 12, 5, 13
8, 16, 4, 12, 1, 9
8, 16, 4, 12, 9, 1
8, 16, 4, 12, 9, 1
8, 16, 4, 12, 5, 13
8, 16, 4, 12, 5, 13
8, 16, 4, 12, 9, 1
8, 16, 4, 12, 9, 1
8, 16, 4, 12, 5, 13
8, 16, 4, 12, 5, 13
9, 1, 5, 13, 6, 14
9, 1, 5, 13, 6, 14
9, 1, 5, 13, 2, 10
9, 1, 5, 13, 2, 10
9, 1, 5, 13, 6, 14
9, 1, 5, 13, 6, 14
9, 1, 5, 13, 2, 10
9, 1, 5, 13, 10, 2
9, 1, 5, 13, 10, 2
9, 1, 5, 13, 6, 14
9, 1, 5, 13, 6, 14
9, 1, 5, 13, 10, 2
9, 1, 5, 13, 10, 2
9, 1, 5, 13, 6, 14
9, 1, 5, 13, 6, 14
10, 2, 6, 14, 7, 15
10, 2, 6, 14, 7, 15
10, 2, 6, 14, 3, 11
10, 2, 6, 14, 3, 11
10, 2, 6, 14, 7, 15
10, 2, 6, 14, 7, 15
10, 2, 6, 14, 3, 11
10, 2, 6, 14, 11, 3
10, 2, 6, 14, 11, 3
10, 2, 6, 14, 7, 15
10, 2, 6, 14, 7, 15
10, 2, 6, 14, 11, 3
10, 2, 6, 14, 11, 3
10, 2, 6, 14, 7, 15
10, 2, 6, 14, 7, 15
11, 3, 7, 15, 8, 16
11, 3, 7, 15, 8, 16
11, 3, 7, 15, 4, 12
11, 3, 7, 15, 4, 12
11, 3, 7, 15, 8, 16
11, 3, 7, 15, 8, 16
11, 3, 7, 15, 4, 12
11, 3, 7, 15, 12, 4
11, 3, 7, 15, 12, 4
11, 3, 7, 15, 8, 16
11, 3, 7, 15, 8, 16
11, 3, 7, 15, 12, 4
11, 3, 7, 15, 12, 4
11, 3, 7, 15, 8, 16
11, 3, 7, 15, 8, 16
12, 4, 8, 16, 9, 1
12, 4, 8, 16, 9, 1
12, 4, 8, 16, 5, 13
12, 4, 8, 16, 5, 13
12, 4, 8, 16, 9, 1
12, 4, 8, 16, 9, 1
12, 4, 8, 16, 5, 13
12, 4, 8, 16, 13, 5
12, 4, 8, 16, 13, 5
12, 4, 8, 16, 9, 1
12, 4, 8, 16, 9, 1
12, 4, 8, 16, 13, 5
12, 4, 8, 16, 13, 5
12, 4, 8, 16, 9, 1
12, 4, 8, 16, 9, 1
13, 5, 9, 1, 10, 2
13, 5, 9, 1, 10, 2
13, 5, 9, 1, 6, 14
13, 5, 9, 1, 6, 14
13, 5, 9, 1, 10, 2
13, 5, 9, 1, 10, 2
13, 5, 9, 1, 6, 14
13, 5, 9, 1, 14, 6
13, 5, 9, 1, 14, 6
13, 5, 9, 1, 10, 2
13, 5, 9, 1, 10, 2
13, 5, 9, 1, 14, 6
13, 5, 9, 1, 14, 6
13, 5, 9, 1, 10, 2
13, 5, 9, 1, 10, 2
14, 6, 10, 2, 11, 3
14, 6, 10, 2, 11, 3
14, 6, 10, 2, 7, 15
14, 6, 10, 2, 7, 15
14, 6, 10, 2, 11, 3
14, 6, 10, 2, 11, 3
14, 6, 10, 2, 7, 15
14, 6, 10, 2, 15, 7
14, 6, 10, 2, 15, 7
14, 6, 10, 2, 11, 3
14, 6, 10, 2, 11, 3
14, 6, 10, 2, 15, 7
14, 6, 10, 2, 15, 7
14, 6, 10, 2, 11, 3
14, 6, 10, 2, 11, 3
15, 7, 11, 3, 12, 4
15, 7, 11, 3, 12, 4
15, 7, 11, 3, 8, 16
15, 7, 11, 3, 8, 16
15, 7, 11, 3, 12, 4
15, 7, 11, 3, 12, 4
15, 7, 11, 3, 8, 16
1, 9, 13, 5, 2, 10, 14
1, 9, 13, 5, 2, 10, 14
1, 9, 13, 5, 14, 6, 10
1, 9, 13, 5, 14, 6, 10
1, 9, 13, 5, 10, 2, 6
1, 9, 13, 5, 10, 2, 6
1, 9, 13, 5, 6, 14, 2
1, 9, 13, 5, 6, 14, 2
2, 10, 14, 6, 3, 11, 15
2, 10, 14, 6, 3, 11, 15
2, 10, 14, 6, 15, 7, 11
2, 10, 14, 6, 15, 7, 11
2, 10, 14, 6, 11, 3, 7
2, 10, 14, 6, 11, 3, 7
2, 10, 14, 6, 7, 15, 3
2, 10, 14, 6, 7, 15, 3
2, 10, 14, 6, 3, 11, 15
2, 10, 14, 6, 3, 11, 15
2, 10, 14, 6, 15, 7, 11
2, 10, 14, 6, 15, 7, 11
2, 10, 14, 6, 11, 3, 7
2, 10, 14, 6, 11, 3, 7
2, 10, 14, 6, 7, 15, 3
2, 10, 14, 6, 7, 15, 3
3, 11, 15, 7, 4, 12, 16
3, 11, 15, 7, 4, 12, 16
3, 11, 15, 7, 16, 8, 12
3, 11, 15, 7, 16, 8, 12
3, 11, 15, 7, 12, 4, 8
3, 11, 15, 7, 12, 4, 8
3, 11, 15, 7, 8, 16, 4
3, 11, 15, 7, 8, 16, 4
3, 11, 15, 7, 4, 12, 16
3, 11, 15, 7, 4, 12, 16
3, 11, 15, 7, 16, 8, 12
3, 11, 15, 7, 16, 8, 12
3, 11, 15, 7, 12, 4, 8
3, 11, 15, 7, 12, 4, 8
3, 11, 15, 7, 8, 16, 4
3, 11, 15, 7, 8, 16, 4
4, 12, 16, 8, 5, 13, 1
4, 12, 16, 8, 5, 13, 1
4, 12, 16, 8, 1, 9, 13
4, 12, 16, 8, 1, 9, 13
4, 12, 16, 8, 13, 5, 9
4, 12, 16, 8, 13, 5, 9
4, 12, 16, 8, 9, 1, 5
4, 12, 16, 8, 9, 1, 5
4, 12, 16, 8, 5, 13, 1
4, 12, 16, 8, 5, 13, 1
4, 12, 16, 8, 1, 9, 13
4, 12, 16, 8, 1, 9, 13
4, 12, 16, 8, 13, 5, 9
4, 12, 16, 8, 13, 5, 9
4, 12, 16, 8, 9, 1, 5
4, 12, 16, 8, 9, 1, 5
5, 13, 1, 9, 6, 14, 2
5, 13, 1, 9, 6, 14, 2
5, 13, 1, 9, 2, 10, 14
5, 13, 1, 9, 2, 10, 14
5, 13, 1, 9, 14, 6, 10
5, 13, 1, 9, 14, 6, 10
5, 13, 1, 9, 10, 2, 6
5, 13, 1, 9, 10, 2, 6
5, 13, 1, 9, 6, 14, 2
5, 13, 1, 9, 6, 14, 2
5, 13, 1, 9, 2, 10, 14
5, 13, 1, 9, 2, 10, 14
5, 13, 1, 9, 14, 6, 10
5, 13, 1, 9, 14, 6, 10
5, 13, 1, 9, 10, 2, 6
5, 13, 1, 9, 10, 2, 6
6, 14, 2, 10, 7, 15, 3
6, 14, 2, 10, 7, 15, 3
6, 14, 2, 10, 3, 11, 15
6, 14, 2, 10, 3, 11, 15
6, 14, 2, 10, 15, 7, 11
6, 14, 2, 10, 15, 7, 11
6, 14, 2, 10, 11, 3, 7
6, 14, 2, 10, 11, 3, 7
6, 14, 2, 10, 7, 15, 3
6, 14, 2, 10, 7, 15, 3
6, 14, 2, 10, 3, 11, 15
6, 14, 2, 10, 3, 11, 15
6, 14, 2, 10, 15, 7, 11
6, 14, 2, 10, 15, 7, 11
6, 14, 2, 10, 11, 3, 7
6, 14, 2, 10, 11, 3, 7
7, 15, 3, 11, 8, 16, 4
7, 15, 3, 11, 8, 16, 4
7, 15, 3, 11, 4, 12, 16
7, 15, 3, 11, 4, 12, 16
7, 15, 3, 11, 16, 8, 12
7, 15, 3, 11, 16, 8, 12
7, 15, 3, 11, 12, 4, 8
7, 15, 3, 11, 12, 4, 8
7, 15, 3, 11, 8, 16, 4
7, 15, 3, 11, 8, 16, 4
7, 15, 3, 11, 4, 12, 16
7, 15, 3, 11, 4, 12, 16
7, 15, 3, 11, 16, 8, 12
7, 15, 3, 11, 16, 8, 12
7, 15, 3, 11, 12, 4, 8
7, 15, 3, 11, 12, 4, 8
8, 16, 4, 12, 9, 1, 5
8, 16, 4, 12, 9, 1, 5
8, 16, 4, 12, 5, 13, 1
8, 16, 4, 12, 5, 13, 1
8, 16, 4, 12, 1, 9, 13
8, 16, 4, 12, 1, 9, 13
8, 16, 4, 12, 13, 5, 9
8, 16, 4, 12, 13, 5, 9
8, 16, 4, 12, 9, 1, 5
8, 16, 4, 12, 9, 1, 5
8, 16, 4, 12, 5, 13, 1
8, 16, 4, 12, 5, 13, 1
8, 16, 4, 12, 1, 9, 13
8, 16, 4, 12, 1, 9, 13
8, 16, 4, 12, 13, 5, 9
8, 16, 4, 12, 13, 5, 9
9, 1, 5, 13, 10, 2, 6
9, 1, 5, 13, 10, 2, 6
9, 1, 5, 13, 6, 14, 2
9, 1, 5, 13, 6, 14, 2
9, 1, 5, 13, 2, 10, 14
9, 1, 5, 13, 2, 10, 14
9, 1, 5, 13, 14, 6, 10
9, 1, 5, 13, 14, 6, 10
9, 1, 5, 13, 10, 2, 6
9, 1, 5, 13, 10, 2, 6
9, 1, 5, 13, 6, 14, 2
9, 1, 5, 13, 6, 14, 2
9, 1, 5, 13, 2, 10, 14
9, 1, 5, 13, 2, 10, 14
9, 1, 5, 13, 14, 6, 10
9, 1, 5, 13, 14, 6, 10
10, 2, 6, 14, 11, 3, 7
10, 2, 6, 14, 11, 3, 7
10, 2, 6, 14, 7, 15, 3
10, 2, 6, 14, 7, 15, 3
10, 2, 6, 14, 3, 11, 15
10, 2, 6, 14, 3, 11, 15
10, 2, 6, 14, 15, 7, 11
10, 2, 6, 14, 15, 7, 11
10, 2, 6, 14, 11, 3, 7
10, 2, 6, 14, 11, 3, 7
10, 2, 6, 14, 7, 15, 3
10, 2, 6, 14, 7, 15, 3
10, 2, 6, 14, 3, 11, 15
10, 2, 6, 14, 3, 11, 15
10, 2, 6, 14, 15, 7, 11
10, 2, 6, 14, 15, 7, 11
11, 3, 7, 15, 12, 4, 8
11, 3, 7, 15, 12, 4, 8
11, 3, 7, 15, 8, 16, 4
11, 3, 7, 15, 8, 16, 4
11, 3, 7, 15, 4, 12, 16
11, 3, 7, 15, 4, 12, 16
11, 3, 7, 15, 16, 8, 12
11, 3, 7, 15, 16, 8, 12
11, 3, 7, 15, 12, 4, 8
11, 3, 7, 15, 12, 4, 8
11, 3, 7, 15, 8, 16, 4
11, 3, 7, 15, 8, 16, 4
11, 3, 7, 15, 4, 12, 16
11, 3, 7, 15, 4, 12, 16
11, 3, 7, 15, 16, 8, 12
11, 3, 7, 15, 16, 8, 12
12, 4, 8, 16, 13, 5, 9
12, 4, 8, 16, 13, 5, 9
12, 4, 8, 16, 9, 1, 5
12, 4, 8, 16, 9, 1, 5
12, 4, 8, 16, 5, 13, 1
12, 4, 8, 16, 5, 13, 1
12, 4, 8, 16, 1, 9, 13
12, 4, 8, 16, 1, 9, 13
12, 4, 8, 16, 13, 5, 9
12, 4, 8, 16, 13, 5, 9
12, 4, 8, 16, 9, 1, 5
12, 4, 8, 16, 9, 1, 5
12, 4, 8, 16, 5, 13, 1
12, 4, 8, 16, 5, 13, 1
12, 4, 8, 16, 1, 9, 13
12, 4, 8, 16, 1, 9, 13
13, 5, 9, 1, 14, 6, 10
13, 5, 9, 1, 14, 6, 10
13, 5, 9, 1, 10, 2, 6
13, 5, 9, 1, 10, 2, 6
13, 5, 9, 1, 6, 14, 2
13, 5, 9, 1, 6, 14, 2
13, 5, 9, 1, 2, 10, 14
13, 5, 9, 1, 2, 10, 14
3, 11, 15, 7, 4, 12, 16
3, 11, 15, 7, 4, 12, 16
3, 11, 15, 7, 16, 8, 12
3, 11, 15, 7, 16, 8, 12
3, 11, 15, 7, 12, 4, 8
3, 11, 15, 7, 12, 4, 8
3, 11, 15, 7, 8, 16, 4
3, 11, 15, 7, 8, 16, 4
4, 12, 16, 8, 1, 9, 13
4, 12, 16, 8, 1, 9, 13
4, 12, 16, 8, 13, 5, 9
4, 12, 16, 8, 13, 5, 9
4, 12, 16, 8, 9, 1, 5
4, 12, 16, 8, 9, 1, 5
4, 12, 16, 8, 5, 13, 1
4, 12, 16, 8, 5, 13, 1
4, 12, 16, 8, 5, 13, 1
4, 12, 16, 8, 1, 9, 13
4, 12, 16, 8, 1, 9, 13
4, 12, 16, 8, 13, 5, 9
4, 12, 16, 8, 13, 5, 9
4, 12, 16, 8, 9, 1, 5
4, 12, 16, 8, 9, 1, 5
5, 13, 1, 9, 2, 10, 14
5, 13, 1, 9, 2, 10, 14
5, 13, 1, 9, 14, 6, 10
5, 13, 1, 9, 14, 6, 10
5, 13, 1, 9, 10, 2, 6
5, 13, 1, 9, 10, 2, 6
5, 13, 1, 9, 6, 14, 2
5, 13, 1, 9, 6, 14, 2
5, 13, 1, 9, 6, 14, 2
5, 13, 1, 9, 2, 10, 14
5, 13, 1, 9, 2, 10, 14
5, 13, 1, 9, 14, 6, 10
5, 13, 1, 9, 14, 6, 10
5, 13, 1, 9, 10, 2, 6
5, 13, 1, 9, 10, 2, 6
6, 14, 2, 10, 3, 11, 15
6, 14, 2, 10, 3, 11, 15
6, 14, 2, 10, 15, 7, 11
6, 14, 2, 10, 15, 7, 11
6, 14, 2, 10, 11, 3, 7
6, 14, 2, 10, 11, 3, 7
6, 14, 2, 10, 7, 15, 3
6, 14, 2, 10, 7, 15, 3
6, 14, 2, 10, 7, 15, 3
6, 14, 2, 10, 3, 11, 15
6, 14, 2, 10, 3, 11, 15
6, 14, 2, 10, 15, 7, 11
6, 14, 2, 10, 15, 7, 11
6, 14, 2, 10, 11, 3, 7
6, 14, 2, 10, 11, 3, 7
7, 15, 3, 11, 4, 12, 16
7, 15, 3, 11, 4, 12, 16
7, 15, 3, 11, 16, 8, 12
7, 15, 3, 11, 16, 8, 12
7, 15, 3, 11, 12, 4, 8
7, 15, 3, 11, 12, 4, 8
7, 15, 3, 11, 8, 16, 4
7, 15, 3, 11, 8, 16, 4
7, 15, 3, 11, 8, 16, 4
7, 15, 3, 11, 4, 12, 16
7, 15, 3, 11, 4, 12, 16
7, 15, 3, 11, 16, 8, 12
7, 15, 3, 11, 16, 8, 12
7, 15, 3, 11, 12, 4, 8
7, 15, 3, 11, 12, 4, 8
8, 16, 4, 12, 5, 13, 1
8, 16, 4, 12, 5, 13, 1
8, 16, 4, 12, 1, 9, 13
8, 16, 4, 12, 1, 9, 13
8, 16, 4, 12, 13, 5, 9
8, 16, 4, 12, 13, 5, 9
8, 16, 4, 12, 9, 1, 5
8, 16, 4, 12, 9, 1, 5
8, 16, 4, 12, 9, 1, 5
8, 16, 4, 12, 5, 13, 1
8, 16, 4, 12, 5, 13, 1
8, 16, 4, 12, 1, 9, 13
8, 16, 4, 12, 1, 9, 13
8, 16, 4, 12, 13, 5, 9
8, 16, 4, 12, 13, 5, 9
9, 1, 5, 13, 6, 14, 2
9, 1, 5, 13, 6, 14, 2
9, 1, 5, 13, 2, 10, 14
9, 1, 5, 13, 2, 10, 14
9, 1, 5, 13, 14, 6, 10
9, 1, 5, 13, 14, 6, 10
9, 1, 5, 13, 10, 2, 6
9, 1, 5, 13, 10, 2, 6
9, 1, 5, 13, 10, 2, 6
9, 1, 5, 13, 6, 14, 2
9, 1, 5, 13, 6, 14, 2
9, 1, 5, 13, 2, 10, 14
9, 1, 5, 13, 2, 10, 14
9, 1, 5, 13, 14, 6, 10
9, 1, 5, 13, 14, 6, 10
10, 2, 6, 14, 7, 15, 3
10, 2, 6, 14, 7, 15, 3
10, 2, 6, 14, 3, 11, 15
10, 2, 6, 14, 3, 11, 15
10, 2, 6, 14, 15, 7, 11
10, 2, 6, 14, 15, 7, 11
10, 2, 6, 14, 11, 3, 7
10, 2, 6, 14, 11, 3, 7
10, 2, 6, 14, 11, 3, 7
10, 2, 6, 14, 7, 15, 3
10, 2, 6, 14, 7, 15, 3
10, 2, 6, 14, 3, 11, 15
10, 2, 6, 14, 3, 11, 15
10, 2, 6, 14, 15, 7, 11
10, 2, 6, 14, 15, 7, 11
11, 3, 7, 15, 8, 16, 4
11, 3, 7, 15, 8, 16, 4
11, 3, 7, 15, 4, 12, 16
11, 3, 7, 15, 4, 12, 16
11, 3, 7, 15, 16, 8, 12
11, 3, 7, 15, 16, 8, 12
11, 3, 7, 15, 12, 4, 8
11, 3, 7, 15, 12, 4, 8
11, 3, 7, 15, 12, 4, 8
11, 3, 7, 15, 8, 16, 4
11, 3, 7, 15, 8, 16, 4
11, 3, 7, 15, 4, 12, 16
11, 3, 7, 15, 4, 12, 16
11, 3, 7, 15, 16, 8, 12
11, 3, 7, 15, 16, 8, 12
12, 4, 8, 16, 9, 1, 5
12, 4, 8, 16, 9, 1, 5
12, 4, 8, 16, 5, 13, 1
12, 4, 8, 16, 5, 13, 1
12, 4, 8, 16, 1, 9, 13
12, 4, 8, 16, 1, 9, 13
12, 4, 8, 16, 13, 5, 9
12, 4, 8, 16, 13, 5, 9
12, 4, 8, 16, 13, 5, 9
12, 4, 8, 16, 9, 1, 5
12, 4, 8, 16, 9, 1, 5
12, 4, 8, 16, 5, 13, 1
12, 4, 8, 16, 5, 13, 1
12, 4, 8, 16, 1, 9, 13
12, 4, 8, 16, 1, 9, 13
13, 5, 9, 1, 10, 2, 6
13, 5, 9, 1, 10, 2, 6
13, 5, 9, 1, 6, 14, 2
13, 5, 9, 1, 6, 14, 2
13, 5, 9, 1, 2, 10, 14
13, 5, 9, 1, 2, 10, 14
13, 5, 9, 1, 14, 6, 10
13, 5, 9, 1, 14, 6, 10
13, 5, 9, 1, 14, 6, 10
13, 5, 9, 1, 10, 2, 6
13, 5, 9, 1, 10, 2, 6
13, 5, 9, 1, 6, 14, 2
13, 5, 9, 1, 6, 14, 2
13, 5, 9, 1, 2, 10, 14
13, 5, 9, 1, 2, 10, 14
14, 6, 10, 2, 11, 3, 7
14, 6, 10, 2, 11, 3, 7
14, 6, 10, 2, 7, 15, 3
14, 6, 10, 2, 7, 15, 3
14, 6, 10, 2, 3, 11, 15
14, 6, 10, 2, 3, 11, 15
14, 6, 10, 2, 15, 7, 11
14, 6, 10, 2, 15, 7, 11
14, 6, 10, 2, 15, 7, 11
14, 6, 10, 2, 11, 3, 7
14, 6, 10, 2, 11, 3, 7
14, 6, 10, 2, 7, 15, 3
14, 6, 10, 2, 7, 15, 3
14, 6, 10, 2, 3, 11, 15
14, 6, 10, 2, 3, 11, 15
15, 7, 11, 3, 12, 4, 8
15, 7, 11, 3, 12, 4, 8
15, 7, 11, 3, 8, 16, 4
15, 7, 11, 3, 8, 16, 4
15, 7, 11, 3, 4, 12, 16
15, 7, 11, 3, 4, 12, 16
15, 7, 11, 3, 16, 8, 12
1, 9, 13, 5, 2, 10, 14, 6
1, 9, 13, 5, 2, 10, 14, 6
1, 9, 13, 5, 2, 10, 14, 6
1, 9, 13, 5, 2, 10, 14, 6
1, 9, 13, 5, 2, 10, 14, 6
1, 9, 13, 5, 2, 10, 14, 6
1, 9, 13, 5, 2, 10, 14, 6
1, 9, 13, 5, 2, 10, 14, 6
2, 10, 14, 6, 3, 11, 15, 7
2, 10, 14, 6, 3, 11, 15, 7
2, 10, 14, 6, 3, 11, 15, 7
2, 10, 14, 6, 3, 11, 15, 7
2, 10, 14, 6, 3, 11, 15, 7
2, 10, 14, 6, 3, 11, 15, 7
2, 10, 14, 6, 3, 11, 15, 7
2, 10, 14, 6, 3, 11, 15, 7
2, 10, 14, 6, 3, 11, 15, 7
2, 10, 14, 6, 3, 11, 15, 7
2, 10, 14, 6, 3, 11, 15, 7
2, 10, 14, 6, 3, 11, 15, 7
2, 10, 14, 6, 3, 11, 15, 7
2, 10, 14, 6, 3, 11, 15, 7
2, 10, 14, 6, 3, 11, 15, 7
2, 10, 14, 6, 3, 11, 15, 7
3, 11, 15, 7, 4, 12, 16, 8
3, 11, 15, 7, 4, 12, 16, 8
3, 11, 15, 7, 4, 12, 16, 8
3, 11, 15, 7, 4, 12, 16, 8
3, 11, 15, 7, 4, 12, 16, 8
3, 11, 15, 7, 4, 12, 16, 8
3, 11, 15, 7, 4, 12, 16, 8
3, 11, 15, 7, 4, 12, 16, 8
3, 11, 15, 7, 4, 12, 16, 8
3, 11, 15, 7, 4, 12, 16, 8
3, 11, 15, 7, 4, 12, 16, 8
3, 11, 15, 7, 4, 12, 16, 8
3, 11, 15, 7, 4, 12, 16, 8
3, 11, 15, 7, 4, 12, 16, 8
3, 11, 15, 7, 4, 12, 16, 8
3, 11, 15, 7, 4, 12, 16, 8
4, 12, 16, 8, 5, 13, 1, 9
4, 12, 16, 8, 5, 13, 1, 9
4, 12, 16, 8, 5, 13, 1, 9
4, 12, 16, 8, 5, 13, 1, 9
4, 12, 16, 8, 5, 13, 1, 9
4, 12, 16, 8, 5, 13, 1, 9
4, 12, 16, 8, 5, 13, 1, 9
4, 12, 16, 8, 5, 13, 1, 9
4, 12, 16, 8, 5, 13, 1, 9
4, 12, 16, 8, 5, 13, 1, 9
4, 12, 16, 8, 5, 13, 1, 9
4, 12, 16, 8, 5, 13, 1, 9
4, 12, 16, 8, 5, 13, 1, 9
4, 12, 16, 8, 5, 13, 1, 9
4, 12, 16, 8, 5, 13, 1, 9
4, 12, 16, 8, 5, 13, 1, 9
5, 13, 1, 9, 6, 14, 2, 10
5, 13, 1, 9, 6, 14, 2, 10
5, 13, 1, 9, 6, 14, 2, 10
5, 13, 1, 9, 6, 14, 2, 10
5, 13, 1, 9, 6, 14, 2, 10
5, 13, 1, 9, 6, 14, 2, 10
5, 13, 1, 9, 6, 14, 2, 10
5, 13, 1, 9, 6, 14, 2, 10
5, 13, 1, 9, 6, 14, 2, 10
5, 13, 1, 9, 6, 14, 2, 10
5, 13, 1, 9, 6, 14, 2, 10
5, 13, 1, 9, 6, 14, 2, 10
5, 13, 1, 9, 6, 14, 2, 10
5, 13, 1, 9, 6, 14, 2, 10
5, 13, 1, 9, 6, 14, 2, 10
5, 13, 1, 9, 6, 14, 2, 10
6, 14, 2, 10, 7, 15, 3, 11
6, 14, 2, 10, 7, 15, 3, 11
6, 14, 2, 10, 7, 15, 3, 11
6, 14, 2, 10, 7, 15, 3, 11
6, 14, 2, 10, 7, 15, 3, 11
6, 14, 2, 10, 7, 15, 3, 11
6, 14, 2, 10, 7, 15, 3, 11
6, 14, 2, 10, 7, 15, 3, 11
6, 14, 2, 10, 7, 15, 3, 11
6, 14, 2, 10, 7, 15, 3, 11
6, 14, 2, 10, 7, 15, 3, 11
6, 14, 2, 10, 7, 15, 3, 11
6, 14, 2, 10, 7, 15, 3, 11
6, 14, 2, 10, 7, 15, 3, 11
6, 14, 2, 10, 7, 15, 3, 11
6, 14, 2, 10, 7, 15, 3, 11
7, 15, 3, 11, 8, 16, 4, 12
7, 15, 3, 11, 8, 16, 4, 12
7, 15, 3, 11, 8, 16, 4, 12
7, 15, 3, 11, 8, 16, 4, 12
7, 15, 3, 11, 8, 16, 4, 12
7, 15, 3, 11, 8, 16, 4, 12
7, 15, 3, 11, 8, 16, 4, 12
7, 15, 3, 11, 8, 16, 4, 12
7, 15, 3, 11, 8, 16, 4, 12
7, 15, 3, 11, 8, 16, 4, 12
7, 15, 3, 11, 8, 16, 4, 12
7, 15, 3, 11, 8, 16, 4, 12
7, 15, 3, 11, 8, 16, 4, 12
7, 15, 3, 11, 8, 16, 4, 12
7, 15, 3, 11, 8, 16, 4, 12
7, 15, 3, 11, 8, 16, 4, 12
8, 16, 4, 12, 9, 1, 5, 13
8, 16, 4, 12, 9, 1, 5, 13
8, 16, 4, 12, 9, 1, 5, 13
8, 16, 4, 12, 9, 1, 5, 13
8, 16, 4, 12, 9, 1, 5, 13
8, 16, 4, 12, 9, 1, 5, 13
8, 16, 4, 12, 9, 1, 5, 13
8, 16, 4, 12, 9, 1, 5, 13
8, 16, 4, 12, 9, 1, 5, 13
8, 16, 4, 12, 9, 1, 5, 13
8, 16, 4, 12, 9, 1, 5, 13
8, 16, 4, 12, 9, 1, 5, 13
8, 16, 4, 12, 9, 1, 5, 13
8, 16, 4, 12, 9, 1, 5, 13
8, 16, 4, 12, 9, 1, 5, 13
8, 16, 4, 12, 9, 1, 5, 13
9, 1, 5, 13, 10, 2, 6, 14
9, 1, 5, 13, 10, 2, 6, 14
9, 1, 5, 13, 10, 2, 6, 14
9, 1, 5, 13, 10, 2, 6, 14
9, 1, 5, 13, 10, 2, 6, 14
9, 1, 5, 13, 10, 2, 6, 14
9, 1, 5, 13, 10, 2, 6, 14
9, 1, 5, 13, 10, 2, 6, 14
9, 1, 5, 13, 10, 2, 6, 14
9, 1, 5, 13, 10, 2, 6, 14
9, 1, 5, 13, 10, 2, 6, 14
9, 1, 5, 13, 10, 2, 6, 14
9, 1, 5, 13, 10, 2, 6, 14
9, 1, 5, 13, 10, 2, 6, 14
9, 1, 5, 13, 10, 2, 6, 14
9, 1, 5, 13, 10, 2, 6, 14
10, 2, 6, 14, 11, 3, 7, 15
10, 2, 6, 14, 11, 3, 7, 15
10, 2, 6, 14, 11, 3, 7, 15
10, 2, 6, 14, 11, 3, 7, 15
10, 2, 6, 14, 11, 3, 7, 15
10, 2, 6, 14, 11, 3, 7, 15
10, 2, 6, 14, 11, 3, 7, 15
10, 2, 6, 14, 11, 3, 7, 15
10, 2, 6, 14, 11, 3, 7, 15
10, 2, 6, 14, 11, 3, 7, 15
10, 2, 6, 14, 11, 3, 7, 15
10, 2, 6, 14, 11, 3, 7, 15
10, 2, 6, 14, 11, 3, 7, 15
10, 2, 6, 14, 11, 3, 7, 15
10, 2, 6, 14, 11, 3, 7, 15
10, 2, 6, 14, 11, 3, 7, 15
11, 3, 7, 15, 12, 4, 8, 16
11, 3, 7, 15, 12, 4, 8, 16
11, 3, 7, 15, 12, 4, 8, 16
11, 3, 7, 15, 12, 4, 8, 16
11, 3, 7, 15, 12, 4, 8, 16
11, 3, 7, 15, 12, 4, 8, 16
11, 3, 7, 15, 12, 4, 8, 16
11, 3, 7, 15, 12, 4, 8, 16
11, 3, 7, 15, 12, 4, 8, 16
11, 3, 7, 15, 12, 4, 8, 16
11, 3, 7, 15, 12, 4, 8, 16
11, 3, 7, 15, 12, 4, 8, 16
11, 3, 7, 15, 12, 4, 8, 16
11, 3, 7, 15, 12, 4, 8, 16
11, 3, 7, 15, 12, 4, 8, 16
11, 3, 7, 15, 12, 4, 8, 16
12, 4, 8, 16, 13, 5, 9, 1
12, 4, 8, 16, 13, 5, 9, 1
12, 4, 8, 16, 13, 5, 9, 1
12, 4, 8, 16, 13, 5, 9, 1
12, 4, 8, 16, 13, 5, 9, 1
12, 4, 8, 16, 13, 5, 9, 1
12, 4, 8, 16, 13, 5, 9, 1
12, 4, 8, 16, 13, 5, 9, 1
12, 4, 8, 16, 13, 5, 9, 1
12, 4, 8, 16, 13, 5, 9, 1
12, 4, 8, 16, 13, 5, 9, 1
12, 4, 8, 16, 13, 5, 9, 1
12, 4, 8, 16, 13, 5, 9, 1
12, 4, 8, 16, 13, 5, 9, 1
12, 4, 8, 16, 13, 5, 9, 1
12, 4, 8, 16, 13, 5, 9, 1
13, 5, 9, 1, 14, 6, 10, 2
13, 5, 9, 1, 14, 6, 10, 2
13, 5, 9, 1, 14, 6, 10, 2
13, 5, 9, 1, 14, 6, 10, 2
13, 5, 9, 1, 14, 6, 10, 2
13, 5, 9, 1, 14, 6, 10, 2
13, 5, 9, 1, 14, 6, 10, 2
13, 5, 9, 1, 14, 6, 10, 2
3, 11, 15, 7, 4, 12, 16, 8
3, 11, 15, 7, 4, 12, 16, 8
3, 11, 15, 7, 4, 12, 16, 8
3, 11, 15, 7, 4, 12, 16, 8
3, 11, 15, 7, 4, 12, 16, 8
3, 11, 15, 7, 4, 12, 16, 8
3, 11, 15, 7, 4, 12, 16, 8
3, 11, 15, 7, 4, 12, 16, 8
4, 12, 16, 8, 1, 9, 13, 5
4, 12, 16, 8, 1, 9, 13, 5
4, 12, 16, 8, 1, 9, 13, 5
4, 12, 16, 8, 1, 9, 13, 5
4, 12, 16, 8, 1, 9, 13, 5
4, 12, 16, 8, 1, 9, 13, 5
4, 12, 16, 8, 1, 9, 13, 5
4, 12, 16, 8, 5, 13, 1, 9
4, 12, 16, 8, 5, 13, 1, 9
4, 12, 16, 8, 5, 13, 1, 9
4, 12, 16, 8, 5, 13, 1, 9
4, 12, 16, 8, 5, 13, 1, 9
4, 12, 16, 8, 5, 13, 1, 9
4, 12, 16, 8, 5, 13, 1, 9
4, 12, 16, 8, 5, 13, 1, 9
5, 13, 1, 9, 2, 10, 14, 6
5, 13, 1, 9, 2, 10, 14, 6
5, 13, 1, 9, 2, 10, 14, 6
5, 13, 1, 9, 2, 10, 14, 6
5, 13, 1, 9, 2, 10, 14, 6
5, 13, 1, 9, 2, 10, 14, 6
5, 13, 1, 9, 2, 10, 14, 6
5, 13, 1, 9, 6, 14, 2, 10
5, 13, 1, 9, 6, 14, 2, 10
5, 13, 1, 9, 6, 14, 2, 10
5, 13, 1, 9, 6, 14, 2, 10
5, 13, 1, 9, 6, 14, 2, 10
5, 13, 1, 9, 6, 14, 2, 10
5, 13, 1, 9, 6, 14, 2, 10
5, 13, 1, 9, 6, 14, 2, 10
6, 14, 2, 10, 3, 11, 15, 7
6, 14, 2, 10, 3, 11, 15, 7
6, 14, 2, 10, 3, 11, 15, 7
6, 14, 2, 10, 3, 11, 15, 7
6, 14, 2, 10, 3, 11, 15, 7
6, 14, 2, 10, 3, 11, 15, 7
6, 14, 2, 10, 3, 11, 15, 7
6, 14, 2, 10, 7, 15, 3, 11
6, 14, 2, 10, 7, 15, 3, 11
6, 14, 2, 10, 7, 15, 3, 11
6, 14, 2, 10, 7, 15, 3, 11
6, 14, 2, 10, 7, 15, 3, 11
6, 14, 2, 10, 7, 15, 3, 11
6, 14, 2, 10, 7, 15, 3, 11
6, 14, 2, 10, 7, 15, 3, 11
7, 15, 3, 11, 4, 12, 16, 8
7, 15, 3, 11, 4, 12, 16, 8
7, 15, 3, 11, 4, 12, 16, 8
7, 15, 3, 11, 4, 12, 16, 8
7, 15, 3, 11, 4, 12, 16, 8
7, 15, 3, 11, 4, 12, 16, 8
7, 15, 3, 11, 4, 12, 16, 8
7, 15, 3, 11, 8, 16, 4, 12
7, 15, 3, 11, 8, 16, 4, 12
7, 15, 3, 11, 8, 16, 4, 12
7, 15, 3, 11, 8, 16, 4, 12
7, 15, 3, 11, 8, 16, 4, 12
7, 15, 3, 11, 8, 16, 4, 12
7, 15, 3, 11, 8, 16, 4, 12
7, 15, 3, 11, 8, 16, 4, 12
8, 16, 4, 12, 5, 13, 1, 9
8, 16, 4, 12, 5, 13, 1, 9
8, 16, 4, 12, 5, 13, 1, 9
8, 16, 4, 12, 5, 13, 1, 9
8, 16, 4, 12, 5, 13, 1, 9
8, 16, 4, 12, 5, 13, 1, 9
8, 16, 4, 12, 5, 13, 1, 9
8, 16, 4, 12, 9, 1, 5, 13
8, 16, 4, 12, 9, 1, 5, 13
8, 16, 4, 12, 9, 1, 5, 13
8, 16, 4, 12, 9, 1, 5, 13
8, 16, 4, 12, 9, 1, 5, 13
8, 16, 4, 12, 9, 1, 5, 13
8, 16, 4, 12, 9, 1, 5, 13
8, 16, 4, 12, 9, 1, 5, 13
9, 1, 5, 13, 6, 14, 2, 10
9, 1, 5, 13, 6, 14, 2, 10
9, 1, 5, 13, 6, 14, 2, 10
9, 1, 5, 13, 6, 14, 2, 10
9, 1, 5, 13, 6, 14, 2, 10
9, 1, 5, 13, 6, 14, 2, 10
9, 1, 5, 13, 6, 14, 2, 10
9, 1, 5, 13, 10, 2, 6, 14
9, 1, 5, 13, 10, 2, 6, 14
9, 1, 5, 13, 10, 2, 6, 14
9, 1, 5, 13, 10, 2, 6, 14
9, 1, 5, 13, 10, 2, 6, 14
9, 1, 5, 13, 10, 2, 6, 14
9, 1, 5, 13, 10, 2, 6, 14
9, 1, 5, 13, 10, 2, 6, 14
10, 2, 6, 14, 7, 15, 3, 11
10, 2, 6, 14, 7, 15, 3, 11
10, 2, 6, 14, 7, 15, 3, 11
10, 2, 6, 14, 7, 15, 3, 11
10, 2, 6, 14, 7, 15, 3, 11
10, 2, 6, 14, 7, 15, 3, 11
10, 2, 6, 14, 7, 15, 3, 11
10, 2, 6, 14, 11, 3, 7, 15
10, 2, 6, 14, 11, 3, 7, 15
10, 2, 6, 14, 11, 3, 7, 15
10, 2, 6, 14, 11, 3, 7, 15
10, 2, 6, 14, 11, 3, 7, 15
10, 2, 6, 14, 11, 3, 7, 15
10, 2, 6, 14, 11, 3, 7, 15
10, 2, 6, 14, 11, 3, 7, 15
11, 3, 7, 15, 8, 16, 4, 12
11, 3, 7, 15, 8, 16, 4, 12
11, 3, 7, 15, 8, 16, 4, 12
11, 3, 7, 15, 8, 16, 4, 12
11, 3, 7, 15, 8, 16, 4, 12
11, 3, 7, 15, 8, 16, 4, 12
11, 3, 7, 15, 8, 16, 4, 12
11, 3, 7, 15, 12, 4, 8, 16
11, 3, 7, 15, 12, 4, 8, 16
11, 3, 7, 15, 12, 4, 8, 16
11, 3, 7, 15, 12, 4, 8, 16
11, 3, 7, 15, 12, 4, 8, 16
11, 3, 7, 15, 12, 4, 8, 16
11, 3, 7, 15, 12, 4, 8, 16
11, 3, 7, 15, 12, 4, 8, 16
12, 4, 8, 16, 9, 1, 5, 13
12, 4, 8, 16, 9, 1, 5, 13
12, 4, 8, 16, 9, 1, 5, 13
12, 4, 8, 16, 9, 1, 5, 13
12, 4, 8, 16, 9, 1, 5, 13
12, 4, 8, 16, 9, 1, 5, 13
12, 4, 8, 16, 9, 1, 5, 13
12, 4, 8, 16, 13, 5, 9, 1
12, 4, 8, 16, 13, 5, 9, 1
12, 4, 8, 16, 13, 5, 9, 1
12, 4, 8, 16, 13, 5, 9, 1
12, 4, 8, 16, 13, 5, 9, 1
12, 4, 8, 16, 13, 5, 9, 1
12, 4, 8, 16, 13, 5, 9, 1
12, 4, 8, 16, 13, 5, 9, 1
13, 5, 9, 1, 10, 2, 6, 14
13, 5, 9, 1, 10, 2, 6, 14
13, 5, 9, 1, 10, 2, 6, 14
13, 5, 9, 1, 10, 2, 6, 14
13, 5, 9, 1, 10, 2, 6, 14
13, 5, 9, 1, 10, 2, 6, 14
13, 5, 9, 1, 10, 2, 6, 14
13, 5, 9, 1, 14, 6, 10, 2
13, 5, 9, 1, 14, 6, 10, 2
13, 5, 9, 1, 14, 6, 10, 2
13, 5, 9, 1, 14, 6, 10, 2
13, 5, 9, 1, 14, 6, 10, 2
13, 5, 9, 1, 14, 6, 10, 2
13, 5, 9, 1, 14, 6, 10, 2
13, 5, 9, 1, 14, 6, 10, 2
14, 6, 10, 2, 11, 3, 7, 15
14, 6, 10, 2, 11, 3, 7, 15
14, 6, 10, 2, 11, 3, 7, 15
14, 6, 10, 2, 11, 3, 7, 15
14, 6, 10, 2, 11, 3, 7, 15
14, 6, 10, 2, 11, 3, 7, 15
14, 6, 10, 2, 11, 3, 7, 15
14, 6, 10, 2, 15, 7, 11, 3
14, 6, 10, 2, 15, 7, 11, 3
14, 6, 10, 2, 15, 7, 11, 3
14, 6, 10, 2, 15, 7, 11, 3
14, 6, 10, 2, 15, 7, 11, 3
14, 6, 10, 2, 15, 7, 11, 3
14, 6, 10, 2, 15, 7, 11, 3
14, 6, 10, 2, 15, 7, 11, 3
15, 7, 11, 3, 12, 4, 8, 16
15, 7, 11, 3, 12, 4, 8, 16
15, 7, 11, 3, 12, 4, 8, 16
15, 7, 11, 3, 12, 4, 8, 16
15, 7, 11, 3, 12, 4, 8, 16
15, 7, 11, 3, 12, 4, 8, 16
15, 7, 11, 3, 12, 4, 8, 16
