15
16
1
2
3
4
5
6
7
8
9
10
11
12
13
14
15
16
1
2
3
4
5
6
7
8
9
10
11
12
13
14
15
16
1
2
4
5
6
7
8
9
10
11
12
13
14
15
16
1
2
3
4
5
6
7
8
9
10
11
12
13
14
15
16
1
2
3
4
5
6
7
8
9
10
11
12
13
14
15
16
1
2
3
1
2
3
4
5
6
7
8
9
10
11
12
13
14
15
16
1
2
3
4
5
6
7
8
9
10
11
12
13
14
15
16
1
2
3
4
1
2
3
4
5
6
7
8
9
10
11
12
5
6
7
8
9
10
11
12
13
14
15	
16
2
3
4
5
6
7
8
9
10
11
12
13
14
15
16
1
2
3
4
5
6
7
8
9
10
11
12
13
14
15
16
1
2
3
4
5
6
7
8
9
10
11
12
13
14
15
16
1
3
4
5
6
7
8
9
10
11
12
13
14
15
16
1
2
3
4
5
6
7
8
9
10
11
12
13
14
15
16
1
2
3
4
5
6
7
8
9
10
11
12
13
14
15
16
1
2
4
5
6
7
8
9
10
11
12
13
14
15
13
14
15
16
1
2
3
4
5
6
7
8
16
1
2
3
4
5
6
7
8
9
10
11
12
13
14
15
16
1
2
3
4
5
6
7
9
10
11
12
13
14
15
16
1
2
3
4
5
6
7
8
9
10
11
12
13
14
15
16
2
3
4
5
6
7
8
9
10
11
12
13
14
15
16
1
2
3
4
5
6
7
8
9
10
11
12
13
14
15
16
1
2
3
4
5
6
7
8
9
10
11
12
13
14
15
16
1
3
4
5
6
7
8
9
10
11
12
13
14
15, 7
16, 8
1, 9
2, 10
3, 11
4, 12
5, 13
6, 14
7, 15
8, 16
9, 1
10, 2
3, 11
4, 12
5, 13
6, 14
7, 15
8, 16
9, 1
10, 2
11, 3
12, 4
13, 5
14, 6
15, 7
16, 8
1, 9
2, 10
3, 11
4, 12
5, 13
6, 14
7, 15
8, 16
9, 1
10, 2
4, 12
5, 13
6, 14
7, 15
8, 16
9, 1
10, 2
11, 3
12, 4
13, 5
14, 6
15, 7
16, 8
1, 9
2, 10
3, 11
4, 12
5, 13
6, 14
7, 15
8, 16
9, 1
10, 2
11, 3
4, 12
5, 13
6, 14
7, 15
8, 16
9, 1
10, 2
11, 3
12, 4
13, 5
14, 6
15, 7
16, 8
1, 9
2, 10
3, 11
4, 12
5, 13
6, 14
7, 15
8, 16
9, 1
10, 2
11, 3
1, 9
2, 10
3, 11
4, 12
5, 13
6, 14
7, 15
8, 16
9, 1
10, 2
11, 3
12, 4
13, 5
14, 6
15, 7
16, 8
1, 9
2, 10
3, 11
4, 12
5, 13
6, 14
7, 15
8, 16
1, 9
2, 10
3, 11
4, 12
5, 13
6, 14
7, 15
8, 16
9, 1
10, 2
11, 3
12, 4
1, 9
2, 10
3, 11
4, 12
5, 13
6, 14
7, 15
8, 16
9, 1
10, 2
11, 3
12, 4
13, 5
14, 6
15, 7
16, 8
1, 9
2, 10
3, 11
4, 12
5, 13
6, 14
7, 15
8, 16
2, 10
3, 11
4, 12
5, 13
6, 14
7, 15
8, 16
9, 1
10, 2
11, 3
12, 4
13, 5
14, 6
15, 7
16, 8
1, 9
2, 10
3, 11
4, 12
5, 13
6, 14
7, 15
8, 16
9, 1
2, 10
3, 11
4, 12
5, 13
6, 14
7, 15
8, 16
9, 1
10, 2
11, 3
12, 4
13, 5
14, 6
15, 7
16, 8
1, 9
2, 10
3, 11
4, 12
5, 13
6, 14
7, 15
8, 16
9, 1
3, 11
4, 12
5, 13
6, 14
7, 15
8, 16
9, 1
10, 2
11, 3
12, 4
13, 5
14, 6
15, 7
16, 8
1, 9
2, 10
3, 11
4, 12
5, 13
6, 14
7, 15
8, 16
9, 1
10, 2
3, 11
4, 12
5, 13
6, 14
7, 15
8, 16
9, 1
10, 2
11, 3
12, 4
13, 5
14, 6
15, 7
16, 8
1, 9
2, 10
3, 11
4, 12
5, 13
6, 14
7, 15
8, 16
9, 1
10, 2
4, 12
5, 13
6, 14
7, 15
8, 16
9, 1
10, 2
11, 3
12, 4
13, 5
14, 6
15, 7
13, 5
14, 6
15, 7
16, 8
1, 9
2, 10
3, 11
4, 12
5, 13
6, 14
7, 15
8, 16
16, 8
1, 9
2, 10
3, 11
4, 12
5, 13
6, 14
7, 15
8, 16
9, 1
10, 2
11, 3
4, 12
5, 13
6, 14
7, 15
8, 16
9, 1
10, 2
11, 3
12, 4
13, 5
14, 6
15, 7
1, 9
2, 10
3, 11
4, 12
5, 13
6, 14
7, 15
8, 16
9, 1
10, 2
11, 3
12, 4
13, 5
14, 6
15, 7
16, 8
1, 9
2, 10
3, 11
4, 12
5, 13
6, 14
7, 15
8, 16
2, 10
3, 11
4, 12
5, 13
6, 14
7, 15
8, 16
9, 1
10, 2
11, 3
12, 4
13, 5
14, 6
15, 7
16, 8
1, 9
2, 10
3, 11
4, 12
5, 13
6, 14
7, 15
8, 16
9, 1
2, 10
3, 11
4, 12
5, 13
6, 14
7, 15
8, 16
9, 1
10, 2
11, 3
12, 4
13, 5
14, 6
15, 7
16, 8
1, 9
2, 10
3, 11
4, 12
5, 13
6, 14
7, 15
8, 16
9, 1
3, 11
4, 12
5, 13
6, 14
7, 15
8, 16
9, 1
10, 2
11, 3
12, 4
13, 5
14, 6
15, 7, 11
16, 8, 12
1, 9, 13
2, 10, 14
3, 11, 15
4, 12, 16
5, 13, 1
6, 14, 2
7, 15, 3
8, 16, 4
9, 1, 5
10, 2, 6
3, 11, 7
4, 12, 8
5, 13, 9
6, 14, 10
7, 15, 11
8, 16, 12
9, 1, 13
10, 2, 14
11, 3, 15
12, 4, 16
13, 5, 1
14, 6, 2
15, 7, 3
16, 8, 4
1, 9, 5
2, 10, 6
3, 11, 7
4, 12, 8
5, 13, 9
6, 14, 10
7, 15, 11
8, 16, 12
9, 1, 13
10, 2, 14
4, 12, 16
5, 13, 1
6, 14, 2
7, 15, 3
8, 16, 4
9, 1, 5
10, 2, 6
11, 3, 7
12, 4, 8
13, 5, 9
14, 6, 10
15, 7, 11
16, 8, 12
1, 9, 13
2, 10, 14
3, 11, 15
4, 12, 16
5, 13, 1
6, 14, 2
7, 15, 3
8, 16, 4
9, 1, 5
10, 2, 6
11, 3, 7
4, 12, 8
5, 13, 9
6, 14, 10
7, 15, 11
8, 16, 12
9, 1, 13
10, 2, 14
11, 3, 15
12, 4, 16
13, 5, 1
14, 6, 2
15, 7, 3
16, 8, 4
1, 9, 5
2, 10, 6
3, 11, 7
4, 12, 8
5, 13, 9
6, 14, 10
7, 15, 11
8, 16, 12
9, 1, 13
10, 2, 14
11, 3, 15
1, 9, 13
2, 10, 14
3, 11, 15
4, 12, 16
5, 13, 1
6, 14, 2
7, 15, 3
8, 16, 4
9, 1, 5
10, 2, 6
11, 3, 7
12, 4, 8
13, 5, 9
14, 6, 10
15, 7, 11
16, 8, 12
1, 9, 13
2, 10, 14
3, 11, 15
4, 12, 16
5, 13, 1
6, 14, 2
7, 15, 3
8, 16, 4
1, 9, 5
2, 10, 6
3, 11, 7
4, 12, 8
5, 13, 9
6, 14, 10
7, 15, 11
8, 16, 12
9, 1, 13
10, 2, 14
11, 3, 15
12, 4, 16
1, 9, 13
2, 10, 14
3, 11, 15
4, 12, 16
5, 13, 1
6, 14, 2
7, 15, 3
8, 16, 4
9, 1, 5
10, 2, 6
11, 3, 7
12, 4, 8
13, 5, 1
14, 6, 2
15, 7, 3
16, 8, 4
1, 9, 5
2, 10, 6
3, 11, 7
4, 12, 8
5, 13, 9
6, 14, 10
7, 15, 11
8, 16, 12
2, 10, 14
3, 11, 15
4, 12, 16
5, 13, 1
6, 14, 2
7, 15, 3
8, 16, 4
9, 1, 5
10, 2, 6
11, 3, 7
12, 4, 8
13, 5, 9
14, 6, 10
15, 7, 11
16, 8, 12
1, 9, 13
2, 10, 14
3, 11, 15
4, 12, 16
5, 13, 1
6, 14, 2
7, 15, 3
8, 16, 4
9, 1, 5
2, 10, 6
3, 11, 7
4, 12, 8
5, 13, 9
6, 14, 10
7, 15, 11
8, 16, 12
9, 1, 13
10, 2, 14
11, 3, 15
12, 4, 16
13, 5, 1
14, 6, 2
15, 7, 3
16, 8, 4
1, 9, 5
2, 10, 6
3, 11, 7
4, 12, 8
5, 13, 9
6, 14, 10
7, 15, 11
8, 16, 12
9, 1, 13
3, 11, 15
4, 12, 16
5, 13, 1
6, 14, 2
7, 15, 3
8, 16, 4
9, 1, 5
10, 2, 6
11, 3, 7
12, 4, 8
13, 5, 9
14, 6, 10
15, 7, 11
16, 8, 12
1, 9, 13
2, 10, 14
3, 11, 15
4, 12, 16
5, 13, 1
6, 14, 2
7, 15, 3
8, 16, 4
9, 1, 5
10, 2, 6
3, 11, 7
4, 12, 8
5, 13, 9
6, 14, 10
7, 15, 11
8, 16, 12
9, 1, 13
10, 2, 14
11, 3, 15
12, 4, 16
13, 5, 1
14, 6, 2
15, 7, 3
16, 8, 4
1, 9, 5
2, 10, 6
3, 11, 7
4, 12, 8
5, 13, 9
6, 14, 10
7, 15, 11
8, 16, 12
9, 1, 13
10, 2, 14
4, 12, 16
5, 13, 1
6, 14, 2
7, 15, 3
8, 16, 4
9, 1, 5
10, 2, 6
11, 3, 7
12, 4, 8
13, 5, 9
14, 6, 10
15, 7, 11
13, 5, 9
14, 6, 10
15, 7, 11
16, 8, 12
1, 9, 13
2, 10, 14
3, 11, 15
4, 12, 16
5, 13, 1
6, 14, 2
7, 15, 3
8, 16, 4
16, 8, 12
1, 9, 13
2, 10, 14
3, 11, 15
4, 12, 16
5, 13, 1
6, 14, 2
7, 15, 3
8, 16, 4
9, 1, 5
10, 2, 6
11, 3, 7
4, 12, 8
5, 13, 9
6, 14, 10
7, 15, 11
8, 16, 12
9, 1, 13
10, 2, 14
11, 3, 15
12, 4, 16
13, 5, 1
14, 6, 2
15, 7, 3
1, 9, 5
2, 10, 6
3, 11, 7
4, 12, 8
5, 13, 9
6, 14, 10
7, 15, 11
8, 16, 12
9, 1, 13
10, 2, 14
11, 3, 15
12, 4, 16
13, 5, 1
14, 6, 2
15, 7, 3
16, 8, 4
1, 9, 5
2, 10, 6
3, 11, 7
4, 12, 8
5, 13, 9
6, 14, 10
7, 15, 11
8, 16, 12
2, 10, 14
3, 11, 15
4, 12, 16
5, 13, 1
6, 14, 2
7, 15, 3
8, 16, 4
9, 1, 5
10, 2, 6
11, 3, 7
12, 4, 8
13, 5, 9
14, 6, 10
15, 7, 11
16, 8, 12
1, 9, 13
2, 10, 14
3, 11, 15
4, 12, 16
5, 13, 1
6, 14, 2
7, 15, 3
8, 16, 4
9, 1, 5
2, 10, 6
3, 11, 7
4, 12, 8
5, 13, 9
6, 14, 10
7, 15, 11
8, 16, 12
9, 1, 13
10, 2, 14
11, 3, 15
12, 4, 16
13, 5, 1
14, 6, 2
15, 7, 3
16, 8, 4
1, 9, 5
2, 10, 6
3, 11, 7
4, 12, 8
5, 13, 9
6, 14, 10
7, 15, 11
8, 16, 12
9, 1, 13
3, 11, 15
4, 12, 16
5, 13, 1
6, 14, 2
7, 15, 3
8, 16, 4
9, 1, 5
10, 2, 6
11, 3, 7
12, 4, 8
13, 5, 9
14, 6, 10
3, 11, 15, 7
4, 12, 16, 8
5, 13, 1, 9
6, 14, 2, 10
7, 15, 3, 11
8, 16, 4, 12
9, 1, 5, 13
10, 2, 6, 14
11, 3, 7, 15
12, 4, 8, 16
13, 5, 9, 1
14, 6, 10, 2
3, 11, 15, 7
4, 12, 16, 8
5, 13, 1, 9
6, 14, 2, 10
7, 15, 3, 11
8, 16, 4, 12
9, 1, 5, 13
10, 2, 6, 14
11, 3, 7, 15
12, 4, 8, 16
13, 5, 9, 1
14, 6, 10, 2
3, 11, 15, 7
4, 12, 16, 8
5, 13, 1, 9
6, 14, 2, 10
7, 15, 3, 11
8, 16, 4, 12
9, 1, 5, 13
10, 2, 6, 14
11, 3, 7, 15
12, 4, 8, 16
13, 5, 9, 1
14, 6, 10, 2
4, 12, 16, 8
5, 13, 1, 9
6, 14, 2, 10
7, 15, 3, 11
8, 16, 4, 12
9, 1, 5, 13
10, 2, 6, 14
11, 3, 7, 15
12, 4, 8, 16
13, 5, 9, 1
14, 6, 10, 2
15, 7, 11, 3
4, 12, 16, 8
5, 13, 1, 9
6, 14, 2, 10
7, 15, 3, 11
8, 16, 4, 12
9, 1, 5, 13
10, 2, 6, 14
11, 3, 7, 15
12, 4, 8, 16
13, 5, 9, 1
14, 6, 10, 2
15, 7, 11, 3
4, 12, 16, 8
5, 13, 1, 9
6, 14, 2, 10
7, 15, 3, 11
8, 16, 12
9, 1, 5, 13
10, 2, 6, 14
11, 3, 7, 15
12, 4, 8, 16
13, 5, 9, 1
14, 6, 10, 2
15, 7, 11, 3
4, 12, 16, 8
5, 13, 1, 9
6, 14, 2, 10
7, 15, 3, 11
8, 16, 4, 12
9, 1, 5, 13
10, 2, 6, 14
11, 3, 7, 15
12, 4, 8, 16
13, 5, 9, 1
14, 6, 10, 2
15, 7, 11, 3
1, 9, 13, 5
2, 10, 14, 6
3, 11, 15, 7
4, 12, 16, 8
5, 13, 1, 9
6, 14, 2, 10
7, 15, 3, 11
8, 16, 4, 12
9, 1, 5, 13
10, 2, 6, 14
11, 3, 7, 15
12, 4, 8, 16
1, 9, 13, 5
2, 10, 14, 6
3, 11, 15, 7
4, 12, 16, 8
5, 13, 1, 9
6, 14, 2, 10
7, 15, 3, 11
8, 16, 4, 12
9, 1, 5, 13
10, 2, 6, 14
11, 3, 7, 15
12, 4, 8, 16
1, 9, 13, 5
2, 10, 14, 6
3, 11, 15, 7
4, 12, 16, 8
5, 13, 1, 9
6, 14, 2, 10
7, 15, 3, 11
8, 16, 4, 12
9, 1, 5, 13
10, 2, 6, 14
11, 3, 7, 15
12, 4, 8, 16
1, 9, 13, 5
2, 10, 14, 6
3, 11, 15, 7
4, 12, 16, 8
5, 13, 1, 9
6, 14, 2, 10
7, 15, 3, 11
8, 16, 4, 12
9, 1, 5, 13
10, 2, 6, 14
11, 3, 7, 15
12, 4, 8, 16
1, 9, 13, 5
2, 10, 14, 6
3, 11, 15, 7
4, 12, 16, 8
5, 13, 1, 9
6, 14, 2, 10
7, 15, 3, 11
8, 16, 4, 12
9, 1, 5, 13
10, 2, 6, 14
11, 3, 7, 15
12, 4, 8, 16
2, 10, 14, 6
3, 11, 15, 7
4, 12, 16, 8
5, 13, 1, 9
6, 14, 2, 10
7, 15, 3, 11
8, 16, 4, 12
9, 1, 5, 13
10, 2, 6, 14
11, 3, 7, 15
12, 4, 8, 16
13, 5, 9, 1
2, 10, 14, 6
3, 11, 15, 7
4, 12, 16, 8
5, 13, 1, 9
6, 14, 2, 10
7, 15, 3, 11
8, 16, 4, 12
9, 1, 5, 13
10, 2, 6, 14
11, 3, 7, 15
12, 4, 8, 16
13, 5, 9, 1
2, 10, 14, 6
3, 11, 15, 7
4, 12, 16, 8
5, 13, 1, 9
6, 14, 2, 10
7, 15, 3, 11
8, 16, 4, 12
9, 1, 5, 13
10, 2, 6, 14
11, 3, 7, 15
12, 4, 8, 16
13, 5, 9, 1
2, 10, 14, 6
3, 11, 15, 7
4, 12, 16, 8
5, 13, 1, 9
6, 14, 2, 10
7, 15, 3, 11
8, 16, 4, 12
9, 1, 5, 13
10, 2, 6, 14
11, 3, 7, 15
12, 4, 8, 16
13, 5, 9, 1
3, 11, 15, 7
4, 12, 16, 8
5, 13, 1, 9
6, 14, 2, 10
7, 15, 3, 11
8, 16, 4, 12
9, 1, 5, 13
10, 2, 6, 14
11, 3, 7, 15
12, 4, 8, 16
13, 5, 9, 1
14, 6, 10, 2
3, 11, 15, 7
4, 12, 16, 8
5, 13, 1, 9
6, 14, 2, 10
7, 15, 3, 11
8, 16, 4, 12
9, 1, 5, 13
10, 2, 6, 14
11, 3, 7, 15
12, 4, 8, 16
13, 5, 9, 1
14, 6, 10, 2
3, 11, 15, 7
4, 12, 16, 8
5, 13, 1, 9
6, 14, 2, 10
7, 15, 3, 11
8, 16, 4, 12
9, 1, 5, 13
10, 2, 6, 14
11, 3, 7, 15
12, 4, 8, 16
13, 5, 9, 1
14, 6, 10, 2
3, 11, 15, 7
4, 12, 16, 8
5, 13, 1, 9
6, 14, 2, 10
7, 15, 3, 11
8, 16, 4, 12
9, 1, 5, 13
10, 2, 6, 14
11, 3, 7, 15
12, 4, 8, 16
13, 5, 9, 1
14, 6, 10, 2
4, 12, 16, 8
5, 13, 1, 9
6, 14, 2, 10
7, 15, 3, 11
8, 16, 4, 12
9, 1, 5, 13
10, 2, 6, 14
11, 3, 7, 15
12, 4, 8, 16
13, 5, 9, 1
14, 6, 10, 2
15, 7, 11, 3
1, 9, 13, 5
2, 10, 14, 6
3, 11, 15, 7
4, 12, 16, 8
5, 13, 1, 9
6, 14, 2, 10
7, 15, 3, 11
8, 16, 4, 12
9, 1, 5, 13
10, 2, 6, 14
11, 3, 7, 15
12, 4, 8, 16
4, 12, 16, 8
5, 13, 1, 9
6, 14, 2, 10
7, 15, 3, 11
8, 16, 4, 12
9, 1, 5, 13
10, 2, 6, 14
11, 3, 7, 15
12, 4, 8, 16
13, 5, 9, 1
14, 6, 10, 2
15, 7, 11, 3
4, 12, 16, 8
5, 13, 1, 9
6, 14, 2, 10
7, 15, 3, 11
8, 16, 12
9, 1, 5, 13
10, 2, 6, 14
11, 3, 7, 15
12, 4, 8, 16
13, 5, 9, 1
14, 6, 10, 2
15, 7, 11, 3
1, 9, 13, 5
2, 10, 14, 6
3, 11, 15, 7
4, 12, 16, 8
5, 13, 1, 9
6, 14, 2, 10
7, 15, 3, 11
8, 16, 4, 12
9, 1, 5, 13
10, 2, 6, 14
11, 3, 7, 15
12, 4, 8, 16
1, 9, 13, 5
2, 10, 14, 6
3, 11, 15, 7
4, 12, 16, 8
5, 13, 1, 9
6, 14, 2, 10
7, 15, 3, 11
8, 16, 4, 12
9, 1, 5, 13
10, 2, 6, 14
11, 3, 7, 15
12, 4, 8, 16
2, 10, 14, 6
3, 11, 15, 7
4, 12, 16, 8
5, 13, 1, 9
6, 14, 2, 10
7, 15, 3, 11
8, 16, 4, 12
9, 1, 5, 13
10, 2, 6, 14
11, 3, 7, 15
12, 4, 8, 16
13, 5, 9, 1
2, 10, 14, 6
3, 11, 15, 7
4, 12, 16, 8
5, 13, 1, 9
6, 14, 2, 10
7, 15, 3, 11
8, 16, 4, 12
9, 1, 5, 13
10, 2, 6, 14
11, 3, 7, 15
12, 4, 8, 16
13, 5, 9, 1
2, 10, 14, 6
3, 11, 15, 7
4, 12, 16, 8
5, 13, 1, 9
6, 14, 2, 10
7, 15, 3, 11
8, 16, 4, 12
9, 1, 5, 13
10, 2, 6, 14
11, 3, 7, 15
12, 4, 8, 16
13, 5, 9, 1
2, 10, 14, 6
3, 11, 15, 7
4, 12, 16, 8
5, 13, 1, 9
6, 14, 2, 10
7, 15, 3, 11
8, 16, 4, 12
9, 1, 5, 13
10, 2, 6, 14
11, 3, 7, 15
12, 4, 8, 16
13, 5, 9, 1
3, 11, 15, 7
4, 12, 16, 8
5, 13, 1, 9
6, 14, 2, 10
7, 15, 3, 11
8, 16, 4, 12
9, 1, 5, 13
10, 2, 6, 14
11, 3, 7, 15
12, 4, 8, 16
13, 5, 9, 1
14, 6, 10, 2
3, 11, 15, 7, 16
4, 12, 16, 8, 1
5, 13, 1, 9, 2
6, 14, 2, 10, 3
7, 15, 3, 11, 4
8, 16, 4, 12, 5
9, 1, 5, 13, 6
10, 2, 6, 14, 7
11, 3, 7, 15, 8
12, 4, 8, 16, 9
13, 5, 9, 1, 10
14, 6, 10, 2, 11
3, 11, 15, 7, 12
4, 12, 16, 8, 13
5, 13, 1, 9, 14
6, 14, 2, 10, 15
7, 15, 3, 11, 16
8, 16, 4, 12, 1
9, 1, 5, 13, 2
10, 2, 6, 14, 3
11, 3, 7, 15, 4
12, 4, 8, 16, 5
13, 5, 9, 1, 6
14, 6, 10, 2, 7
3, 11, 15, 7, 8
4, 12, 16, 8, 9
5, 13, 1, 9, 10
6, 14, 2, 10, 11
7, 15, 3, 11, 12
8, 16, 4, 12, 13
9, 1, 5, 13, 14
10, 2, 6, 14, 15
11, 3, 7, 15, 16
12, 4, 8, 16, 1
13, 5, 9, 1, 2
14, 6, 10, 2, 3
4, 12, 16, 8, 1
5, 13, 1, 9, 2
6, 14, 2, 10, 3
7, 15, 3, 11, 4
8, 16, 4, 12, 5
9, 1, 5, 13, 6
10, 2, 6, 14, 7
11, 3, 7, 15, 8
12, 4, 8, 16, 9
13, 5, 9, 1, 10
14, 6, 10, 2, 11
15, 7, 11, 3, 12
4, 12, 16, 8, 13
5, 13, 1, 9, 14
6, 14, 2, 10, 15
7, 15, 3, 11, 16
8, 16, 4, 12, 1
9, 1, 5, 13, 2
10, 2, 6, 14, 3
11, 3, 7, 15, 4
12, 4, 8, 16, 5
13, 5, 9, 1, 6
14, 6, 10, 2, 7
15, 7, 11, 3, 8
4, 12, 16, 8, 9
5, 13, 1, 9, 10
6, 14, 2, 10, 11
7, 15, 3, 11, 12
8, 16, 4, 12, 13
9, 1, 5, 13, 14
10, 2, 6, 14, 15
11, 3, 7, 15, 16
12, 4, 8, 16, 1
13, 5, 9, 1, 2
14, 6, 10, 2, 3
15, 7, 11, 3, 4
4, 12, 16, 8, 5
5, 13, 1, 9, 6
6, 14, 2, 10, 7
7, 15, 3, 11, 8
8, 16, 4, 12, 9
9, 1, 5, 13, 10
10, 2, 6, 14, 11
11, 3, 7, 15, 12
12, 4, 8, 16, 13
13, 5, 9, 1, 14
14, 6, 10, 2, 15
15, 7, 11, 3, 16
1, 9, 13, 5, 2
2, 10, 14, 6, 3
3, 11, 15, 7, 4
4, 12, 16, 8, 5
5, 13, 1, 9, 6
6, 14, 2, 10, 7
7, 15, 3, 11, 8
8, 16, 4, 12, 9
9, 1, 5, 13, 10
10, 2, 6, 14, 11
11, 3, 7, 15, 12
12, 4, 8, 16, 13
1, 9, 13, 5, 14
2, 10, 14, 6, 15
3, 11, 15, 7, 16
4, 12, 16, 8, 1
5, 13, 1, 9, 2
6, 14, 2, 10, 3
7, 15, 3, 11, 4
8, 16, 4, 12, 5
9, 1, 5, 13, 6
10, 2, 6, 14, 7
11, 3, 7, 15, 8
12, 4, 8, 16, 9
1, 9, 13, 5, 10
2, 10, 14, 6, 11
3, 11, 15, 7, 12
4, 12, 16, 8, 13
5, 13, 1, 9, 14
6, 14, 2, 10, 15
7, 15, 3, 11, 16
8, 16, 4, 12, 1
9, 1, 5, 13, 2
10, 2, 6, 14, 3
11, 3, 7, 15, 4
12, 4, 8, 16, 5
1, 9, 13, 5, 2
2, 10, 14, 6, 3
3, 11, 15, 7, 4
4, 12, 16, 8, 5
5, 13, 1, 9, 6
6, 14, 2, 10, 7
7, 15, 3, 11, 8
8, 16, 4, 12, 9
9, 1, 5, 13, 10
10, 2, 6, 14, 11
11, 3, 7, 15, 12
12, 4, 8, 16, 13
1, 9, 13, 5, 6
2, 10, 14, 6, 7
3, 11, 15, 7, 8
4, 12, 16, 8, 9
5, 13, 1, 9, 10
6, 14, 2, 10, 11
7, 15, 3, 11, 12
8, 16, 4, 12, 13
9, 1, 5, 13, 14
10, 2, 6, 14, 15
11, 3, 7, 15, 16
12, 4, 8, 16, 1
2, 10, 14, 6, 3
3, 11, 15, 7, 4
4, 12, 16, 8, 5
5, 13, 1, 9, 6
6, 14, 2, 10, 7
7, 15, 3, 11, 8
8, 16, 4, 12, 9
9, 1, 5, 13, 10
10, 2, 6, 14, 11
11, 3, 7, 15, 12
12, 4, 8, 16, 13
13, 5, 9, 1, 14
2, 10, 14, 6, 15
3, 11, 15, 7, 16
4, 12, 16, 8, 1
5, 13, 1, 9, 2
6, 14, 2, 10, 3
7, 15, 3, 11, 4
8, 16, 4, 12, 5
9, 1, 5, 13, 6
10, 2, 6, 14, 7
11, 3, 7, 15, 8
12, 4, 8, 16, 9
13, 5, 9, 1, 10
2, 10, 14, 6, 11
3, 11, 15, 7, 12
4, 12, 16, 8, 13
5, 13, 1, 9, 14
6, 14, 2, 10, 15
7, 15, 3, 11, 16
8, 16, 4, 12, 1
9, 1, 5, 13, 2
10, 2, 6, 14, 3
11, 3, 7, 15, 4
12, 4, 8, 16, 5
13, 5, 9, 1, 6
2, 10, 14, 6, 7
3, 11, 15, 7, 8
4, 12, 16, 8, 9
5, 13, 1, 9, 10
6, 14, 2, 10, 11
7, 15, 3, 11, 12
8, 16, 4, 12, 13
9, 1, 5, 13, 14
10, 2, 6, 14, 15
11, 3, 7, 15, 16
12, 4, 8, 16, 1
13, 5, 9, 1, 2
3, 11, 15, 7, 4
4, 12, 16, 8, 5
5, 13, 1, 9, 6
6, 14, 2, 10, 7
7, 15, 3, 11, 8
8, 16, 4, 12, 9
9, 1, 5, 13, 10
10, 2, 6, 14, 11
11, 3, 7, 15, 12
12, 4, 8, 16, 13
13, 5, 9, 1, 14
14, 6, 10, 2, 15
3, 11, 15, 7, 16
4, 12, 16, 8, 1
5, 13, 1, 9, 2
6, 14, 2, 10, 3
7, 15, 3, 11, 4
8, 16, 4, 12, 5
9, 1, 5, 13, 6
10, 2, 6, 14, 7
11, 3, 7, 15, 8
12, 4, 8, 16, 9
13, 5, 9, 1, 10
14, 6, 10, 2, 11
3, 11, 15, 7, 12
4, 12, 16, 8, 13
5, 13, 1, 9, 14
6, 14, 2, 10, 15
7, 15, 3, 11, 16
8, 16, 4, 12, 1
9, 1, 5, 13, 2
10, 2, 6, 14, 3
11, 3, 7, 15, 4
12, 4, 8, 16, 5
13, 5, 9, 1, 6
14, 6, 10, 2, 7
3, 11, 15, 7, 8
4, 12, 16, 8, 9
5, 13, 1, 9, 10
6, 14, 2, 10, 11
7, 15, 3, 11, 12
8, 16, 4, 12, 13
9, 1, 5, 13, 14
10, 2, 6, 14, 15
11, 3, 7, 15, 16
12, 4, 8, 16, 1
13, 5, 9, 1, 2
14, 6, 10, 2, 3
4, 12, 16, 8, 1
5, 13, 1, 9, 2
6, 14, 2, 10, 3
7, 15, 3, 11, 4
8, 16, 4, 12, 5
9, 1, 5, 13, 6
10, 2, 6, 14, 7
11, 3, 7, 15, 8
12, 4, 8, 16, 9
13, 5, 9, 1, 10
14, 6, 10, 2, 11
15, 7, 11, 3, 12
1, 9, 13, 5, 14
2, 10, 14, 6, 15
3, 11, 15, 7, 16
4, 12, 16, 8, 1
5, 13, 1, 9, 2
6, 14, 2, 10, 3
7, 15, 3, 11, 4
8, 16, 4, 12, 5
9, 1, 5, 13, 6
10, 2, 6, 14, 7
11, 3, 7, 15, 8
12, 4, 8, 16, 9
4, 12, 16, 8, 13
5, 13, 1, 9, 14
6, 14, 2, 10, 15
7, 15, 3, 11, 16
8, 16, 4, 12, 1
9, 1, 5, 13, 2
10, 2, 6, 14, 3
11, 3, 7, 15, 4
12, 4, 8, 16, 5
13, 5, 9, 1, 6
14, 6, 10, 2, 7
15, 7, 11, 3, 8
4, 12, 16, 8, 9
5, 13, 1, 9, 10
6, 14, 2, 10, 11
7, 15, 3, 11, 12
8, 16, 4, 12, 13
9, 1, 5, 13, 14
10, 2, 6, 14, 15
11, 3, 7, 15, 16
12, 4, 8, 16, 1
13, 5, 9, 1, 2
14, 6, 10, 2, 3
15, 7, 11, 3, 4
1, 9, 13, 5, 10
2, 10, 14, 6, 11
3, 11, 15, 7, 12
4, 12, 16, 8, 13
5, 13, 1, 9, 14
6, 14, 2, 10, 15
7, 15, 3, 11, 16
8, 16, 4, 12, 1
9, 1, 5, 13, 2
10, 2, 6, 14, 3
11, 3, 7, 15, 4
12, 4, 8, 16, 5
1, 9, 13, 5, 6
2, 10, 14, 6, 7
3, 11, 15, 7, 8
4, 12, 16, 8, 9
5, 13, 1, 9, 10
6, 14, 2, 10, 11
7, 15, 3, 11, 12
8, 16, 4, 12, 13
9, 1, 5, 13, 14
10, 2, 6, 14, 15
11, 3, 7, 15, 16
12, 4, 8, 16, 1
2, 10, 14, 6, 3
3, 11, 15, 7, 4
4, 12, 16, 8, 5
5, 13, 1, 9, 6
6, 14, 2, 10, 7
7, 15, 3, 11, 8
8, 16, 4, 12, 9
9, 1, 5, 13, 10
10, 2, 6, 14, 11
11, 3, 7, 15, 12
12, 4, 8, 16, 13
13, 5, 9, 1, 14
2, 10, 14, 6, 15
3, 11, 15, 7, 16
4, 12, 16, 8, 1
5, 13, 1, 9, 2
6, 14, 2, 10, 3
7, 15, 3, 11, 4
8, 16, 4, 12, 5
9, 1, 5, 13, 6
10, 2, 6, 14, 7
11, 3, 7, 15, 8
12, 4, 8, 16, 9
13, 5, 9, 1, 10
2, 10, 14, 6, 11
3, 11, 15, 7, 12
4, 12, 16, 8, 13
5, 13, 1, 9, 14
6, 14, 2, 10, 15
7, 15, 3, 11, 16
8, 16, 4, 12, 1
9, 1, 5, 13, 2
10, 2, 6, 14, 3
11, 3, 7, 15, 4
12, 4, 8, 16, 5
13, 5, 9, 1, 6
2, 10, 14, 6, 7
3, 11, 15, 7, 8
4, 12, 16, 8, 9
5, 13, 1, 9, 10
6, 14, 2, 10, 11
7, 15, 3, 11, 12
8, 16, 4, 12, 13
9, 1, 5, 13, 14
10, 2, 6, 14, 15
11, 3, 7, 15, 16
12, 4, 8, 16, 1
13, 5, 9, 1, 2
3, 11, 15, 7, 4
4, 12, 16, 8, 5
5, 13, 1, 9, 6
6, 14, 2, 10, 7
7, 15, 3, 11, 8
8, 16, 4, 12, 9
9, 1, 5, 13, 10
10, 2, 6, 14, 11
11, 3, 7, 15, 12
12, 4, 8, 16, 13
13, 5, 9, 1, 14
14, 6, 10, 2, 15
3, 11, 15, 7, 16, 8
4, 12, 16, 8, 1, 9
5, 13, 1, 9, 2, 10
6, 14, 2, 10, 3, 11
7, 15, 3, 11, 4, 12
8, 16, 4, 12, 5, 13
9, 1, 5, 13, 6, 14
10, 2, 6, 14, 7, 15
11, 3, 7, 15, 8, 16
12, 4, 8, 16, 9, 1
13, 5, 9, 1, 10, 2
14, 6, 10, 2, 11, 3
3, 11, 15, 7, 4, 12
4, 12, 16, 8, 5, 13
5, 13, 1, 9, 6, 14
6, 14, 2, 10, 7, 15
7, 15, 3, 11, 8, 16
8, 16, 4, 12, 9, 1
9, 1, 5, 13, 10, 2
10, 2, 6, 14, 11, 3
11, 3, 7, 15, 12, 4
12, 4, 8, 16, 13, 5
13, 5, 9, 1, 14, 6
14, 6, 10, 2, 15, 7
3, 11, 15, 7, 16, 8
4, 12, 16, 8, 1, 9
5, 13, 1, 9, 2, 10
6, 14, 2, 10, 3, 11
7, 15, 3, 11, 4, 12
8, 16, 4, 12, 5, 13
9, 1, 5, 13, 6, 14
10, 2, 6, 14, 7, 15
11, 3, 7, 15, 8, 16
12, 4, 8, 16, 9, 1
13, 5, 9, 1, 10, 2
14, 6, 10, 2, 11, 3
4, 12, 16, 8, 1, 9
5, 13, 1, 9, 2, 10
6, 14, 2, 10, 3, 11
7, 15, 3, 11, 4, 12
8, 16, 4, 12, 5, 13
9, 1, 5, 13, 6, 14
10, 2, 6, 14, 7, 15
11, 3, 7, 15, 8, 16
12, 4, 8, 16, 9, 1
13, 5, 9, 1, 10, 2
14, 6, 10, 2, 11, 3
15, 7, 11, 3, 12, 4
4, 12, 16, 8, 13, 5
5, 13, 1, 9, 14, 6
6, 14, 2, 10, 15, 7
7, 15, 3, 11, 16, 8
8, 16, 4, 12, 1, 9
9, 1, 5, 13, 2, 10
10, 2, 6, 14, 3, 11
11, 3, 7, 15, 4, 12
12, 4, 8, 16, 5, 13
13, 5, 9, 1, 6, 14
14, 6, 10, 2, 7, 15
15, 7, 11, 3, 8, 16
4, 12, 16, 8, 1, 9
5, 13, 1, 9, 2, 10
6, 14, 2, 10, 3, 11
7, 15, 3, 11, 4, 12
8, 16, 4, 12, 5, 13
9, 1, 5, 13, 6, 14
10, 2, 6, 14, 7, 15
11, 3, 7, 15, 8, 16
12, 4, 8, 16, 9, 1
13, 5, 9, 1, 10, 2
14, 6, 10, 2, 11, 3
15, 7, 11, 3, 12, 4
4, 12, 16, 8, 13, 5
5, 13, 1, 9, 14, 6
6, 14, 2, 10, 15, 7
7, 15, 3, 11, 16, 8
8, 16, 4, 12, 1, 9
9, 1, 5, 13, 2, 10
10, 2, 6, 14, 3, 11
11, 3, 7, 15, 4, 12
12, 4, 8, 16, 5, 13
13, 5, 9, 1, 6, 14
14, 6, 10, 2, 7, 15
15, 7, 11, 3, 8, 16
1, 9, 13, 5, 2, 10
2, 10, 14, 6, 3, 11
3, 11, 15, 7, 4, 12
4, 12, 16, 8, 5, 13
5, 13, 1, 9, 6, 14
6, 14, 2, 10, 7, 15
7, 15, 3, 11, 8, 16
8, 16, 4, 12, 9, 1
9, 1, 5, 13, 10, 2
10, 2, 6, 14, 11, 3
11, 3, 7, 15, 12, 4
12, 4, 8, 16, 13, 5
1, 9, 13, 5, 14, 6
2, 10, 14, 6, 15, 7
3, 11, 15, 7, 16, 8
4, 12, 16, 8, 1, 9
5, 13, 1, 9, 2, 10
6, 14, 2, 10, 3, 11
7, 15, 3, 11, 4, 12
8, 16, 4, 12, 5, 13
9, 1, 5, 13, 6, 14
10, 2, 6, 14, 7, 15
11, 3, 7, 15, 8, 16
12, 4, 8, 16, 9, 1
1, 9, 13, 5, 2, 10
2, 10, 14, 6, 3, 11
3, 11, 15, 7, 4, 12
4, 12, 16, 8, 5, 13
5, 13, 1, 9, 6, 14
6, 14, 2, 10, 7, 15
7, 15, 3, 11, 8, 16
8, 16, 4, 12, 9, 1
9, 1, 5, 13, 10, 2
10, 2, 6, 14, 11, 3
11, 3, 7, 15, 12, 4
12, 4, 8, 16, 13, 5
1, 9, 13, 5, 2, 10
2, 10, 14, 6, 3, 11
3, 11, 15, 7, 4, 12
4, 12, 16, 8, 5, 13
5, 13, 1, 9, 6, 14
6, 14, 2, 10, 7, 15
7, 15, 3, 11, 8, 16
8, 16, 4, 12, 9, 1
9, 1, 5, 13, 10, 2
10, 2, 6, 14, 11, 3
11, 3, 7, 15, 12, 4
12, 4, 8, 16, 13, 5
1, 9, 13, 5, 14, 6
2, 10, 14, 6, 15, 7
3, 11, 15, 7, 16, 8
4, 12, 16, 8, 1, 9
5, 13, 1, 9, 2, 10
6, 14, 2, 10, 3, 11
7, 15, 3, 11, 4, 12
8, 16, 4, 12, 5, 13
9, 1, 5, 13, 6, 14
10, 2, 6, 14, 7, 15
11, 3, 7, 15, 8, 16
12, 4, 8, 16, 9, 1
2, 10, 14, 6, 3, 11
3, 11, 15, 7, 4, 12
4, 12, 16, 8, 5, 13
5, 13, 1, 9, 6, 14
6, 14, 2, 10, 7, 15
7, 15, 3, 11, 8, 16
8, 16, 4, 12, 9, 1
9, 1, 5, 13, 10, 2
10, 2, 6, 14, 11, 3
11, 3, 7, 15, 12, 4
12, 4, 8, 16, 13, 5
13, 5, 9, 1, 14, 6
2, 10, 14, 6, 15, 7
3, 11, 15, 7, 16, 8
4, 12, 16, 8, 1, 9
5, 13, 1, 9, 2, 10
6, 14, 2, 10, 3, 11
7, 15, 3, 11, 4, 12
8, 16, 4, 12, 5, 13
9, 1, 5, 13, 6, 14
10, 2, 6, 14, 7, 15
11, 3, 7, 15, 8, 16
12, 4, 8, 16, 9, 1
13, 5, 9, 1, 10, 2
2, 10, 14, 6, 3, 11
3, 11, 15, 7, 4, 12
4, 12, 16, 8, 5, 13
5, 13, 1, 9, 6, 14
6, 14, 2, 10, 7, 15
7, 15, 3, 11, 8, 16
8, 16, 4, 12, 9, 1
9, 1, 5, 13, 10, 2
10, 2, 6, 14, 11, 3
11, 3, 7, 15, 12, 4
12, 4, 8, 16, 13, 5
13, 5, 9, 1, 14, 6
2, 10, 14, 6, 15, 7
3, 11, 15, 7, 16, 8
4, 12, 16, 8, 1, 9
5, 13, 1, 9, 2, 10
6, 14, 2, 10, 3, 11
7, 15, 3, 11, 4, 12
8, 16, 4, 12, 5, 13
9, 1, 5, 13, 6, 14
10, 2, 6, 14, 7, 15
11, 3, 7, 15, 8, 16
12, 4, 8, 16, 9, 1
13, 5, 9, 1, 10, 2
3, 11, 15, 7, 4, 12
4, 12, 16, 8, 5, 13
5, 13, 1, 9, 6, 14
6, 14, 2, 10, 7, 15
7, 15, 3, 11, 8, 16
8, 16, 4, 12, 9, 1
9, 1, 5, 13, 10, 2
10, 2, 6, 14, 11, 3
11, 3, 7, 15, 12, 4
12, 4, 8, 16, 13, 5
13, 5, 9, 1, 14, 6
14, 6, 10, 2, 15, 7
3, 11, 15, 7, 16, 8
4, 12, 16, 8, 1, 9
5, 13, 1, 9, 2, 10
6, 14, 2, 10, 3, 11
7, 15, 3, 11, 4, 12
8, 16, 4, 12, 5, 13
9, 1, 5, 13, 6, 14
10, 2, 6, 14, 7, 15
11, 3, 7, 15, 8, 16
12, 4, 8, 16, 9, 1
13, 5, 9, 1, 10, 2
14, 6, 10, 2, 11, 3
3, 11, 15, 7, 4, 12
4, 12, 16, 8, 5, 13
5, 13, 1, 9, 6, 14
6, 14, 2, 10, 7, 15
7, 15, 3, 11, 8, 16
8, 16, 4, 12, 9, 1
9, 1, 5, 13, 10, 2
10, 2, 6, 14, 11, 3
11, 3, 7, 15, 12, 4
12, 4, 8, 16, 13, 5
13, 5, 9, 1, 14, 6
14, 6, 10, 2, 15, 7
3, 11, 15, 7, 16, 8
4, 12, 16, 8, 1, 9
5, 13, 1, 9, 2, 10
6, 14, 2, 10, 3, 11
7, 15, 3, 11, 4, 12
8, 16, 4, 12, 5, 13
9, 1, 5, 13, 6, 14
10, 2, 6, 14, 7, 15
11, 3, 7, 15, 8, 16
12, 4, 8, 16, 9, 1
13, 5, 9, 1, 10, 2
14, 6, 10, 2, 11, 3
4, 12, 16, 8, 1, 9
5, 13, 1, 9, 2, 10
6, 14, 2, 10, 3, 11
7, 15, 3, 11, 4, 12
8, 16, 4, 12, 5, 13
9, 1, 5, 13, 6, 14
10, 2, 6, 14, 7, 15
11, 3, 7, 15, 8, 16
12, 4, 8, 16, 9, 1
13, 5, 9, 1, 10, 2
14, 6, 10, 2, 11, 3
15, 7, 11, 3, 12, 4
1, 9, 13, 5, 14, 6
2, 10, 14, 6, 15, 7
3, 11, 15, 7, 16, 8
4, 12, 16, 8, 1, 9
5, 13, 1, 9, 2, 10
6, 14, 2, 10, 3, 11
7, 15, 3, 11, 4, 12
8, 16, 4, 12, 5, 13
9, 1, 5, 13, 6, 14
10, 2, 6, 14, 7, 15
11, 3, 7, 15, 8, 16
12, 4, 8, 16, 9, 1
4, 12, 16, 8, 13, 5
5, 13, 1, 9, 14, 6
6, 14, 2, 10, 15, 7
7, 15, 3, 11, 16, 8
8, 16, 4, 12, 1, 9
9, 1, 5, 13, 2, 10
10, 2, 6, 14, 3, 11
11, 3, 7, 15, 4, 12
12, 4, 8, 16, 5, 13
13, 5, 9, 1, 6, 14
14, 6, 10, 2, 7, 15
15, 7, 11, 3, 8, 16
4, 12, 16, 8, 1, 9
5, 13, 1, 9, 2, 10
6, 14, 2, 10, 3, 11
7, 15, 3, 11, 4, 12
8, 16, 4, 12, 5, 13
9, 1, 5, 13, 6, 14
10, 2, 6, 14, 7, 15
11, 3, 7, 15, 8, 16
12, 4, 8, 16, 9, 1
13, 5, 9, 1, 10, 2
14, 6, 10, 2, 11, 3
15, 7, 11, 3, 12, 4
1, 9, 13, 5, 2, 10
2, 10, 14, 6, 3, 11
3, 11, 15, 7, 4, 12
4, 12, 16, 8, 5, 13
5, 13, 1, 9, 6, 14
6, 14, 2, 10, 7, 15
7, 15, 3, 11, 8, 16
8, 16, 4, 12, 9, 1
9, 1, 5, 13, 10, 2
10, 2, 6, 14, 11, 3
11, 3, 7, 15, 12, 4
12, 4, 8, 16, 13, 5
1, 9, 13, 5, 14, 6
2, 10, 14, 6, 15, 7
3, 11, 15, 7, 16, 8
4, 12, 16, 8, 1, 9
5, 13, 1, 9, 2, 10
6, 14, 2, 10, 3, 11
7, 15, 3, 11, 4, 12
8, 16, 4, 12, 5, 13
9, 1, 5, 13, 6, 14
10, 2, 6, 14, 7, 15
11, 3, 7, 15, 8, 16
12, 4, 8, 16, 9, 1
2, 10, 14, 6, 3, 11
3, 11, 15, 7, 4, 12
4, 12, 16, 8, 5, 13
5, 13, 1, 9, 6, 14
6, 14, 2, 10, 7, 15
7, 15, 3, 11, 8, 16
8, 16, 4, 12, 9, 1
9, 1, 5, 13, 10, 2
10, 2, 6, 14, 11, 3
11, 3, 7, 15, 12, 4
12, 4, 8, 16, 13, 5
13, 5, 9, 1, 14, 6
2, 10, 14, 6, 15, 7
3, 11, 15, 7, 16, 8
4, 12, 16, 8, 1, 9
5, 13, 1, 9, 2, 10
6, 14, 2, 10, 3, 11
7, 15, 3, 11, 4, 12
8, 16, 4, 12, 5, 13
9, 1, 5, 13, 6, 14
10, 2, 6, 14, 7, 15
11, 3, 7, 15, 8, 16
12, 4, 8, 16, 9, 1
13, 5, 9, 1, 10, 2
2, 10, 14, 6, 3, 11
3, 11, 15, 7, 4, 12
4, 12, 16, 8, 5, 13
5, 13, 1, 9, 6, 14
6, 14, 2, 10, 7, 15
7, 15, 3, 11, 8, 16
8, 16, 4, 12, 9, 1
9, 1, 5, 13, 10, 2
10, 2, 6, 14, 11, 3
11, 3, 7, 15, 12, 4
12, 4, 8, 16, 13, 5
13, 5, 9, 1, 14, 6
2, 10, 14, 6, 15, 7
3, 11, 15, 7, 16, 8
4, 12, 16, 8, 1, 9
5, 13, 1, 9, 2, 10
6, 14, 2, 10, 3, 11
7, 15, 3, 11, 4, 12
8, 16, 4, 12, 5, 13
9, 1, 5, 13, 6, 14
10, 2, 6, 14, 7, 15
11, 3, 7, 15, 8, 16
12, 4, 8, 16, 9, 1
13, 5, 9, 1, 10, 2
3, 11, 15, 7, 4, 12
4, 12, 16, 8, 5, 13
5, 13, 1, 9, 6, 14
6, 14, 2, 10, 7, 15
7, 15, 3, 11, 8, 16
8, 16, 4, 12, 9, 1
9, 1, 5, 13, 10, 2
10, 2, 6, 14, 11, 3
11, 3, 7, 15, 12, 4
12, 4, 8, 16, 13, 5
13, 5, 9, 1, 14, 6
14, 6, 10, 2, 15, 7
3, 11, 15, 7, 16, 8, 12
4, 12, 16, 8, 1, 9, 13
5, 13, 1, 9, 2, 10, 14
6, 14, 2, 10, 3, 11, 15
7, 15, 3, 11, 4, 12, 16
8, 16, 4, 12, 5, 13, 1
9, 1, 5, 13, 6, 14, 2
10, 2, 6, 14, 7, 15, 3
11, 3, 7, 15, 8, 16, 4
12, 4, 8, 16, 9, 1, 5
13, 5, 9, 1, 10, 2, 6
14, 6, 10, 2, 11, 3, 7
3, 11, 15, 7, 12, 4, 8
4, 12, 16, 8, 13, 5, 9
5, 13, 1, 9, 14, 6, 10
6, 14, 2, 10, 15, 7, 11
7, 15, 3, 11, 16, 8, 12
8, 16, 4, 12, 1, 9, 13
9, 1, 5, 13, 2, 10, 14
10, 2, 6, 14, 3, 11, 15
11, 3, 7, 15, 4, 12, 16
12, 4, 8, 16, 5, 13, 1
13, 5, 9, 1, 6, 14, 2
14, 6, 10, 2, 7, 15, 3
3, 11, 15, 7, 8, 16, 4
4, 12, 16, 8, 9, 1, 5
5, 13, 1, 9, 10, 2, 6
6, 14, 2, 10, 11, 3, 7
7, 15, 3, 11, 12, 4, 8
8, 16, 4, 12, 13, 5, 9
9, 1, 5, 13, 14, 6, 10
10, 2, 6, 14, 15, 7, 11
11, 3, 7, 15, 16, 8, 12
12, 4, 8, 16, 1, 9, 13
13, 5, 9, 1, 2, 10, 14
14, 6, 10, 2, 3, 11, 15
4, 12, 16, 8, 1, 9, 13
5, 13, 1, 9, 2, 10, 14
6, 14, 2, 10, 3, 11, 15
7, 15, 3, 11, 4, 12, 16
8, 16, 4, 12, 5, 13, 1
9, 1, 5, 13, 6, 14, 2
10, 2, 6, 14, 7, 15, 3
11, 3, 7, 15, 8, 16, 4
12, 4, 8, 16, 9, 1, 5
13, 5, 9, 1, 10, 2, 6
14, 6, 10, 2, 11, 3, 7
15, 7, 11, 3, 12, 4, 8
4, 12, 16, 8, 13, 5, 9
5, 13, 1, 9, 14, 6, 10
6, 14, 2, 10, 15, 7, 11
7, 15, 3, 11, 16, 8, 12
8, 16, 4, 12, 1, 9, 13
9, 1, 5, 13, 2, 10, 14
10, 2, 6, 14, 3, 11, 15
11, 3, 7, 15, 4, 12, 16
12, 4, 8, 16, 5, 13, 1
13, 5, 9, 1, 6, 14, 2
14, 6, 10, 2, 7, 15, 3
15, 7, 11, 3, 8, 16, 4
4, 12, 16, 8, 9, 1, 5
5, 13, 1, 9, 10, 2, 6
6, 14, 2, 10, 11, 3, 7
7, 15, 3, 11, 12, 4, 8
8, 16, 4, 12, 13, 5, 9
9, 1, 5, 13, 14, 6, 10
10, 2, 6, 14, 15, 7, 11
11, 3, 7, 15, 16, 8, 12
12, 4, 8, 16, 1, 9, 13
13, 5, 9, 1, 2, 10, 14
14, 6, 10, 2, 3, 11, 15
15, 7, 11, 3, 4, 12, 16
4, 12, 16, 8, 5, 13, 1
5, 13, 1, 9, 6, 14, 2
6, 14, 2, 10, 7, 15, 3
7, 15, 3, 11, 8, 16, 4
8, 16, 4, 12, 9, 1, 5
9, 1, 5, 13, 10, 2, 6
10, 2, 6, 14, 11, 3, 7
11, 3, 7, 15, 12, 4, 8
12, 4, 8, 16, 13, 5, 9
13, 5, 9, 1, 14, 6, 10
14, 6, 10, 2, 15, 7, 11
15, 7, 11, 3, 16, 8, 12
1, 9, 13, 5, 2, 10, 14
2, 10, 14, 6, 3, 11, 15
3, 11, 15, 7, 4, 12, 16
4, 12, 16, 8, 5, 13, 1
5, 13, 1, 9, 6, 14, 2
6, 14, 2, 10, 7, 15, 3
7, 15, 3, 11, 8, 16, 4
8, 16, 4, 12, 9, 1, 5
9, 1, 5, 13, 10, 2, 6
10, 2, 6, 14, 11, 3, 7
11, 3, 7, 15, 12, 4, 8
12, 4, 8, 16, 13, 5, 9
1, 9, 13, 5, 14, 6, 10
2, 10, 14, 6, 15, 7, 11
3, 11, 15, 7, 16, 8, 12
4, 12, 16, 8, 1, 9, 13
5, 13, 1, 9, 2, 10, 14
6, 14, 2, 10, 3, 11, 15
7, 15, 3, 11, 4, 12, 16
8, 16, 4, 12, 5, 13, 1
9, 1, 5, 13, 6, 14, 2
10, 2, 6, 14, 7, 15, 3
11, 3, 7, 15, 8, 16, 4
12, 4, 8, 16, 9, 1, 5
1, 9, 13, 5, 10, 2, 6
2, 10, 14, 6, 11, 3, 7
3, 11, 15, 7, 12, 4, 8
4, 12, 16, 8, 13, 5, 9
5, 13, 1, 9, 14, 6, 10
6, 14, 2, 10, 15, 7, 11
7, 15, 3, 11, 16, 8, 12
8, 16, 4, 12, 1, 9, 13
9, 1, 5, 13, 2, 10, 14
10, 2, 6, 14, 3, 11, 15
11, 3, 7, 15, 4, 12, 16
12, 4, 8, 16, 5, 13, 1
1, 9, 13, 5, 2, 10, 14
2, 10, 14, 6, 3, 11, 15
3, 11, 15, 7, 4, 12, 16
4, 12, 16, 8, 5, 13, 1
5, 13, 1, 9, 6, 14, 2
6, 14, 2, 10, 7, 15, 3
7, 15, 3, 11, 8, 16, 4
8, 16, 4, 12, 9, 1, 5
9, 1, 5, 13, 10, 2, 6
10, 2, 6, 14, 11, 3, 7
11, 3, 7, 15, 12, 4, 8
12, 4, 8, 16, 13, 5, 9
1, 9, 13, 5, 6, 14, 2
2, 10, 14, 6, 7, 15, 3
3, 11, 15, 7, 8, 16, 4
4, 12, 16, 8, 9, 1, 5
5, 13, 1, 9, 10, 2, 6
6, 14, 2, 10, 11, 3, 7
7, 15, 3, 11, 12, 4, 8
8, 16, 4, 12, 13, 5, 9
9, 1, 5, 13, 14, 6, 10
10, 2, 6, 14, 15, 7, 11
11, 3, 7, 15, 16, 8, 12
12, 4, 8, 16, 1, 9, 13
2, 10, 14, 6, 3, 11, 15
3, 11, 15, 7, 4, 12, 16
4, 12, 16, 8, 5, 13, 1
5, 13, 1, 9, 6, 14, 2
6, 14, 2, 10, 7, 15, 3
7, 15, 3, 11, 8, 16, 4
8, 16, 4, 12, 9, 1, 5
9, 1, 5, 13, 10, 2, 6
10, 2, 6, 14, 11, 3, 7
11, 3, 7, 15, 12, 4, 8
12, 4, 8, 16, 13, 5, 9
13, 5, 9, 1, 14, 6, 10
2, 10, 14, 6, 15, 7, 11
3, 11, 15, 7, 16, 8, 12
4, 12, 16, 8, 1, 9, 13
5, 13, 1, 9, 2, 10, 14
6, 14, 2, 10, 3, 11, 15
7, 15, 3, 11, 4, 12, 16
8, 16, 4, 12, 5, 13, 1
9, 1, 5, 13, 6, 14, 2
10, 2, 6, 14, 7, 15, 3
11, 3, 7, 15, 8, 16, 4
12, 4, 8, 16, 9, 1, 5
13, 5, 9, 1, 10, 2, 6
2, 10, 14, 6, 11, 3, 7
3, 11, 15, 7, 12, 4, 8
4, 12, 16, 8, 13, 5, 9
5, 13, 1, 9, 14, 6, 10
6, 14, 2, 10, 15, 7, 11
7, 15, 3, 11, 16, 8, 12
8, 16, 4, 12, 1, 9, 13
9, 1, 5, 13, 2, 10, 14
10, 2, 6, 14, 3, 11, 15
11, 3, 7, 15, 4, 12, 16
12, 4, 8, 16, 5, 13, 1
13, 5, 9, 1, 6, 14, 2
2, 10, 14, 6, 7, 15, 3
3, 11, 15, 7, 8, 16, 4
4, 12, 16, 8, 9, 1, 5
5, 13, 1, 9, 10, 2, 6
6, 14, 2, 10, 11, 3, 7
7, 15, 3, 11, 12, 4, 8
8, 16, 4, 12, 13, 5, 9
9, 1, 5, 13, 14, 6, 10
10, 2, 6, 14, 15, 7, 11
11, 3, 7, 15, 16, 8, 12
12, 4, 8, 16, 1, 9, 13
13, 5, 9, 1, 2, 10, 14
3, 11, 15, 7, 4, 12, 16
4, 12, 16, 8, 5, 13, 1
5, 13, 1, 9, 6, 14, 2
6, 14, 2, 10, 7, 15, 3
7, 15, 3, 11, 8, 16, 4
8, 16, 4, 12, 9, 1, 5
9, 1, 5, 13, 10, 2, 6
10, 2, 6, 14, 11, 3, 7
11, 3, 7, 15, 12, 4, 8
12, 4, 8, 16, 13, 5, 9
13, 5, 9, 1, 14, 6, 10
14, 6, 10, 2, 15, 7, 11
3, 11, 15, 7, 16, 8, 12
4, 12, 16, 8, 1, 9, 13
5, 13, 1, 9, 2, 10, 14
6, 14, 2, 10, 3, 11, 15
7, 15, 3, 11, 4, 12, 16
8, 16, 4, 12, 5, 13, 1
9, 1, 5, 13, 6, 14, 2
10, 2, 6, 14, 7, 15, 3
11, 3, 7, 15, 8, 16, 4
12, 4, 8, 16, 9, 1, 5
13, 5, 9, 1, 10, 2, 6
14, 6, 10, 2, 11, 3, 7
3, 11, 15, 7, 12, 4, 8
4, 12, 16, 8, 13, 5, 9
5, 13, 1, 9, 14, 6, 10
6, 14, 2, 10, 15, 7, 11
7, 15, 3, 11, 16, 8, 12
8, 16, 4, 12, 1, 9, 13
9, 1, 5, 13, 2, 10, 14
10, 2, 6, 14, 3, 11, 15
11, 3, 7, 15, 4, 12, 16
12, 4, 8, 16, 5, 13, 1
13, 5, 9, 1, 6, 14, 2
14, 6, 10, 2, 7, 15, 3
3, 11, 15, 7, 8, 16, 4
4, 12, 16, 8, 9, 1, 5
5, 13, 1, 9, 10, 2, 6
6, 14, 2, 10, 11, 3, 7
7, 15, 3, 11, 12, 4, 8
8, 16, 4, 12, 13, 5, 9
9, 1, 5, 13, 14, 6, 10
10, 2, 6, 14, 15, 7, 11
11, 3, 7, 15, 16, 8, 12
12, 4, 8, 16, 1, 9, 13
13, 5, 9, 1, 2, 10, 14
14, 6, 10, 2, 3, 11, 15
4, 12, 16, 8, 1, 9, 13
5, 13, 1, 9, 2, 10, 14
6, 14, 2, 10, 3, 11, 15
7, 15, 3, 11, 4, 12, 16
8, 16, 4, 12, 5, 13, 1
9, 1, 5, 13, 6, 14, 2
10, 2, 6, 14, 7, 15, 3
11, 3, 7, 15, 8, 16, 4
12, 4, 8, 16, 9, 1, 5
13, 5, 9, 1, 10, 2, 6
14, 6, 10, 2, 11, 3, 7
15, 7, 11, 3, 12, 4, 8
1, 9, 13, 5, 14, 6, 10
2, 10, 14, 6, 15, 7, 11
3, 11, 15, 7, 16, 8, 12
4, 12, 16, 8, 1, 9, 13
5, 13, 1, 9, 2, 10, 14
6, 14, 2, 10, 3, 11, 15
7, 15, 3, 11, 4, 12, 16
8, 16, 4, 12, 5, 13, 1
9, 1, 5, 13, 6, 14, 2
10, 2, 6, 14, 7, 15, 3
11, 3, 7, 15, 8, 16, 4
12, 4, 8, 16, 9, 1, 5
4, 12, 16, 8, 13, 5, 9
5, 13, 1, 9, 14, 6, 10
6, 14, 2, 10, 15, 7, 11
7, 15, 3, 11, 16, 8, 12
8, 16, 4, 12, 1, 9, 13
9, 1, 5, 13, 2, 10, 14
10, 2, 6, 14, 3, 11, 15
11, 3, 7, 15, 4, 12, 16
12, 4, 8, 16, 5, 13, 1
13, 5, 9, 1, 6, 14, 2
14, 6, 10, 2, 7, 15, 3
15, 7, 11, 3, 8, 16, 4
4, 12, 16, 8, 9, 1, 5
5, 13, 1, 9, 10, 2, 6
6, 14, 2, 10, 11, 3, 7
7, 15, 3, 11, 12, 4, 8
8, 16, 4, 12, 13, 5, 9
9, 1, 5, 13, 14, 6, 10
10, 2, 6, 14, 15, 7, 11
11, 3, 7, 15, 16, 8, 12
12, 4, 8, 16, 1, 9, 13
13, 5, 9, 1, 2, 10, 14
14, 6, 10, 2, 3, 11, 15
15, 7, 11, 3, 4, 12, 16
1, 9, 13, 5, 10, 2, 6
2, 10, 14, 6, 11, 3, 7
3, 11, 15, 7, 12, 4, 8
4, 12, 16, 8, 13, 5, 9
5, 13, 1, 9, 14, 6, 10
6, 14, 2, 10, 15, 7, 11
7, 15, 3, 11, 16, 8, 12
8, 16, 4, 12, 1, 9, 13
9, 1, 5, 13, 2, 10, 14
10, 2, 6, 14, 3, 11, 15
11, 3, 7, 15, 4, 12, 16
12, 4, 8, 16, 5, 13, 1
1, 9, 13, 5, 6, 14, 2
2, 10, 14, 6, 7, 15, 3
3, 11, 15, 7, 8, 16, 4
4, 12, 16, 8, 9, 1, 5
5, 13, 1, 9, 10, 2, 6
6, 14, 2, 10, 11, 3, 7
7, 15, 3, 11, 12, 4, 8
8, 16, 4, 12, 13, 5, 9
9, 1, 5, 13, 14, 6, 10
10, 2, 6, 14, 15, 7, 11
11, 3, 7, 15, 16, 8, 12
12, 4, 8, 16, 1, 9, 13
2, 10, 14, 6, 3, 11, 15
3, 11, 15, 7, 4, 12, 16
4, 12, 16, 8, 5, 13, 1
5, 13, 1, 9, 6, 14, 2
6, 14, 2, 10, 7, 15, 3
7, 15, 3, 11, 8, 16, 4
8, 16, 4, 12, 9, 1, 5
9, 1, 5, 13, 10, 2, 6
10, 2, 6, 14, 11, 3, 7
11, 3, 7, 15, 12, 4, 8
12, 4, 8, 16, 13, 5, 9
13, 5, 9, 1, 14, 6, 10
2, 10, 14, 6, 15, 7, 11
3, 11, 15, 7, 16, 8, 12
4, 12, 16, 8, 1, 9, 13
5, 13, 1, 9, 2, 10, 14
6, 14, 2, 10, 3, 11, 15
7, 15, 3, 11, 4, 12, 16
8, 16, 4, 12, 5, 13, 1
9, 1, 5, 13, 6, 14, 2
10, 2, 6, 14, 7, 15, 3
11, 3, 7, 15, 8, 16, 4
12, 4, 8, 16, 9, 1, 5
13, 5, 9, 1, 10, 2, 6
2, 10, 14, 6, 11, 3, 7
3, 11, 15, 7, 12, 4, 8
4, 12, 16, 8, 13, 5, 9
5, 13, 1, 9, 14, 6, 10
6, 14, 2, 10, 15, 7, 11
7, 15, 3, 11, 16, 8, 12
8, 16, 4, 12, 1, 9, 13
9, 1, 5, 13, 2, 10, 14
10, 2, 6, 14, 3, 11, 15
11, 3, 7, 15, 4, 12, 16
12, 4, 8, 16, 5, 13, 1
13, 5, 9, 1, 6, 14, 2
2, 10, 14, 6, 7, 15, 3
3, 11, 15, 7, 8, 16, 4
4, 12, 16, 8, 9, 1, 5
5, 13, 1, 9, 10, 2, 6
6, 14, 2, 10, 11, 3, 7
7, 15, 3, 11, 12, 4, 8
8, 16, 4, 12, 13, 5, 9
9, 1, 5, 13, 14, 6, 10
10, 2, 6, 14, 15, 7, 11
11, 3, 7, 15, 16, 8, 12
12, 4, 8, 16, 1, 9, 13
13, 5, 9, 1, 2, 10, 14
3, 11, 15, 7, 4, 12, 16
4, 12, 16, 8, 5, 13, 1
5, 13, 1, 9, 6, 14, 2
6, 14, 2, 10, 7, 15, 3
7, 15, 3, 11, 8, 16, 4
8, 16, 4, 12, 9, 1, 5
9, 1, 5, 13, 10, 2, 6
10, 2, 6, 14, 11, 3, 7
11, 3, 7, 15, 12, 4, 8
12, 4, 8, 16, 13, 5, 9
13, 5, 9, 1, 14, 6, 10
14, 6, 10, 2, 15, 7, 11
3, 11, 15, 7, 4, 12, 16, 8
4, 12, 16, 8, 5, 13, 1, 9
5, 13, 1, 9, 6, 14, 2, 10
6, 14, 2, 10, 7, 15, 3, 11
7, 15, 3, 11, 8, 16, 4, 12
8, 16, 4, 12, 9, 1, 5, 13
9, 1, 5, 13, 10, 2, 6, 14
10, 2, 6, 14, 11, 3, 7, 15
11, 3, 7, 15, 12, 4, 8, 16
12, 4, 8, 16, 13, 5, 9, 1
13, 5, 9, 1, 14, 6, 10, 2
14, 6, 10, 2, 15, 7, 11, 3
3, 11, 15, 7, 4, 12, 16, 8
4, 12, 16, 8, 5, 13, 1, 9
5, 13, 1, 9, 6, 14, 2, 10
6, 14, 2, 10, 7, 15, 3, 11
7, 15, 3, 11, 8, 16, 4, 12
8, 16, 4, 12, 9, 1, 5, 13
9, 1, 5, 13, 10, 2, 6, 14
10, 2, 6, 14, 11, 3, 7, 15
11, 3, 7, 15, 12, 4, 8, 16
12, 4, 8, 16, 13, 5, 9, 1
13, 5, 9, 1, 14, 6, 10, 2
14, 6, 10, 2, 15, 7, 11, 3
3, 11, 15, 7, 4, 12, 16, 8
4, 12, 16, 8, 5, 13, 1, 9
5, 13, 1, 9, 6, 14, 2, 10
6, 14, 2, 10, 7, 15, 3, 11
7, 15, 3, 11, 8, 16, 4, 12
8, 16, 4, 12, 9, 1, 5, 13
9, 1, 5, 13, 10, 2, 6, 14
10, 2, 6, 14, 11, 3, 7, 15
11, 3, 7, 15, 12, 4, 8, 16
12, 4, 8, 16, 13, 5, 9, 1
13, 5, 9, 1, 14, 6, 10, 2
14, 6, 10, 2, 15, 7, 11, 3
4, 12, 16, 8, 1, 9, 13, 5
5, 13, 1, 9, 2, 10, 14, 6
6, 14, 2, 10, 3, 11, 15, 7
7, 15, 3, 11, 4, 12, 16, 8
8, 16, 4, 12, 5, 13, 1, 9
9, 1, 5, 13, 6, 14, 2, 10
10, 2, 6, 14, 7, 15, 3, 11
11, 3, 7, 15, 8, 16, 4, 12
12, 4, 8, 16, 9, 1, 5, 13
13, 5, 9, 1, 10, 2, 6, 14
14, 6, 10, 2, 11, 3, 7, 15
15, 7, 11, 3, 12, 4, 8, 16
4, 12, 16, 8, 1, 9, 13, 5
5, 13, 1, 9, 2, 10, 14, 6
6, 14, 2, 10, 3, 11, 15, 7
7, 15, 3, 11, 4, 12, 16, 8
8, 16, 4, 12, 5, 13, 1, 9
9, 1, 5, 13, 6, 14, 2, 10
10, 2, 6, 14, 7, 15, 3, 11
11, 3, 7, 15, 8, 16, 4, 12
12, 4, 8, 16, 9, 1, 5, 13
13, 5, 9, 1, 10, 2, 6, 14
14, 6, 10, 2, 11, 3, 7, 15
15, 7, 11, 3, 12, 4, 8, 16
4, 12, 16, 8, 1, 9, 13, 5
5, 13, 1, 9, 2, 10, 14, 6
6, 14, 2, 10, 3, 11, 15, 7
7, 15, 3, 11, 4, 12, 16, 8
8, 16, 4, 12, 5, 13, 1, 9
9, 1, 5, 13, 6, 14, 2, 10
10, 2, 6, 14, 7, 15, 3, 11
11, 3, 7, 15, 8, 16, 4, 12
12, 4, 8, 16, 9, 1, 5, 13
13, 5, 9, 1, 10, 2, 6, 14
14, 6, 10, 2, 11, 3, 7, 15
15, 7, 11, 3, 12, 4, 8, 16
4, 12, 16, 8, 1, 9, 13, 5
5, 13, 1, 9, 2, 10, 14, 6
6, 14, 2, 10, 3, 11, 15, 7
7, 15, 3, 11, 4, 12, 16, 8
8, 16, 4, 12, 5, 13, 1, 9
9, 1, 5, 13, 6, 14, 2, 10
10, 2, 6, 14, 7, 15, 3, 11
11, 3, 7, 15, 8, 16, 4, 12
12, 4, 8, 16, 9, 1, 5, 13
13, 5, 9, 1, 10, 2, 6, 14
14, 6, 10, 2, 11, 3, 7, 15
15, 7, 11, 3, 12, 4, 8, 16
1, 9, 13, 5, 2, 10, 14, 6
2, 10, 14, 6, 3, 11, 15, 7
3, 11, 15, 7, 4, 12, 16, 8
4, 12, 16, 8, 5, 13, 1, 9
5, 13, 1, 9, 6, 14, 2, 10
6, 14, 2, 10, 7, 15, 3, 11
7, 15, 3, 11, 8, 16, 4, 12
8, 16, 4, 12, 9, 1, 5, 13
9, 1, 5, 13, 10, 2, 6, 14
10, 2, 6, 14, 11, 3, 7, 15
11, 3, 7, 15, 12, 4, 8, 16
12, 4, 8, 16, 13, 5, 9, 1
1, 9, 13, 5, 2, 10, 14, 6
2, 10, 14, 6, 3, 11, 15, 7
3, 11, 15, 7, 4, 12, 16, 8
4, 12, 16, 8, 5, 13, 1, 9
5, 13, 1, 9, 6, 14, 2, 10
6, 14, 2, 10, 7, 15, 3, 11
7, 15, 3, 11, 8, 16, 4, 12
8, 16, 4, 12, 9, 1, 5, 13
9, 1, 5, 13, 10, 2, 6, 14
10, 2, 6, 14, 11, 3, 7, 15
11, 3, 7, 15, 12, 4, 8, 16
12, 4, 8, 16, 13, 5, 9, 1
1, 9, 13, 5, 2, 10, 14, 6
2, 10, 14, 6, 3, 11, 15, 7
3, 11, 15, 7, 4, 12, 16, 8
4, 12, 16, 8, 5, 13, 1, 9
5, 13, 1, 9, 6, 14, 2, 10
6, 14, 2, 10, 7, 15, 3, 11
7, 15, 3, 11, 8, 16, 4, 12
8, 16, 4, 12, 9, 1, 5, 13
9, 1, 5, 13, 10, 2, 6, 14
10, 2, 6, 14, 11, 3, 7, 15
11, 3, 7, 15, 12, 4, 8, 16
12, 4, 8, 16, 13, 5, 9, 1
1, 9, 13, 5, 2, 10, 14, 6
2, 10, 14, 6, 3, 11, 15, 7
3, 11, 15, 7, 4, 12, 16, 8
4, 12, 16, 8, 5, 13, 1, 9
5, 13, 1, 9, 6, 14, 2, 10
6, 14, 2, 10, 7, 15, 3, 11
7, 15, 3, 11, 8, 16, 4, 12
8, 16, 4, 12, 9, 1, 5, 13
9, 1, 5, 13, 10, 2, 6, 14
10, 2, 6, 14, 11, 3, 7, 15
11, 3, 7, 15, 12, 4, 8, 16
12, 4, 8, 16, 13, 5, 9, 1
1, 9, 13, 5, 2, 10, 14, 6
2, 10, 14, 6, 3, 11, 15, 7
3, 11, 15, 7, 4, 12, 16, 8
4, 12, 16, 8, 5, 13, 1, 9
5, 13, 1, 9, 6, 14, 2, 10
6, 14, 2, 10, 7, 15, 3, 11
7, 15, 3, 11, 8, 16, 4, 12
8, 16, 4, 12, 9, 1, 5, 13
9, 1, 5, 13, 10, 2, 6, 14
10, 2, 6, 14, 11, 3, 7, 15
11, 3, 7, 15, 12, 4, 8, 16
12, 4, 8, 16, 13, 5, 9, 1
2, 10, 14, 6, 3, 11, 15, 7
3, 11, 15, 7, 4, 12, 16, 8
4, 12, 16, 8, 5, 13, 1, 9
5, 13, 1, 9, 6, 14, 2, 10
6, 14, 2, 10, 7, 15, 3, 11
7, 15, 3, 11, 8, 16, 4, 12
8, 16, 4, 12, 9, 1, 5, 13
9, 1, 5, 13, 10, 2, 6, 14
10, 2, 6, 14, 11, 3, 7, 15
11, 3, 7, 15, 12, 4, 8, 16
12, 4, 8, 16, 13, 5, 9, 1
13, 5, 9, 1, 14, 6, 10, 2
2, 10, 14, 6, 3, 11, 15, 7
3, 11, 15, 7, 4, 12, 16, 8
4, 12, 16, 8, 5, 13, 1, 9
5, 13, 1, 9, 6, 14, 2, 10
6, 14, 2, 10, 7, 15, 3, 11
7, 15, 3, 11, 8, 16, 4, 12
8, 16, 4, 12, 9, 1, 5, 13
9, 1, 5, 13, 10, 2, 6, 14
10, 2, 6, 14, 11, 3, 7, 15
11, 3, 7, 15, 12, 4, 8, 16
12, 4, 8, 16, 13, 5, 9, 1
13, 5, 9, 1, 14, 6, 10, 2
2, 10, 14, 6, 3, 11, 15, 7
3, 11, 15, 7, 4, 12, 16, 8
4, 12, 16, 8, 5, 13, 1, 9
5, 13, 1, 9, 6, 14, 2, 10
6, 14, 2, 10, 7, 15, 3, 11
7, 15, 3, 11, 8, 16, 4, 12
8, 16, 4, 12, 9, 1, 5, 13
9, 1, 5, 13, 10, 2, 6, 14
10, 2, 6, 14, 11, 3, 7, 15
11, 3, 7, 15, 12, 4, 8, 16
12, 4, 8, 16, 13, 5, 9, 1
13, 5, 9, 1, 14, 6, 10, 2
2, 10, 14, 6, 3, 11, 15, 7
3, 11, 15, 7, 4, 12, 16, 8
4, 12, 16, 8, 5, 13, 1, 9
5, 13, 1, 9, 6, 14, 2, 10
6, 14, 2, 10, 7, 15, 3, 11
7, 15, 3, 11, 8, 16, 4, 12
8, 16, 4, 12, 9, 1, 5, 13
9, 1, 5, 13, 10, 2, 6, 14
10, 2, 6, 14, 11, 3, 7, 15
11, 3, 7, 15, 12, 4, 8, 16
12, 4, 8, 16, 13, 5, 9, 1
13, 5, 9, 1, 14, 6, 10, 2
3, 11, 15, 7, 4, 12, 16, 8
4, 12, 16, 8, 5, 13, 1, 9
5, 13, 1, 9, 6, 14, 2, 10
6, 14, 2, 10, 7, 15, 3, 11
7, 15, 3, 11, 8, 16, 4, 12
8, 16, 4, 12, 9, 1, 5, 13
9, 1, 5, 13, 10, 2, 6, 14
10, 2, 6, 14, 11, 3, 7, 15
11, 3, 7, 15, 12, 4, 8, 16
12, 4, 8, 16, 13, 5, 9, 1
13, 5, 9, 1, 14, 6, 10, 2
14, 6, 10, 2, 15, 7, 11, 3
3, 11, 15, 7, 4, 12, 16, 8
4, 12, 16, 8, 5, 13, 1, 9
5, 13, 1, 9, 6, 14, 2, 10
6, 14, 2, 10, 7, 15, 3, 11
7, 15, 3, 11, 8, 16, 4, 12
8, 16, 4, 12, 9, 1, 5, 13
9, 1, 5, 13, 10, 2, 6, 14
10, 2, 6, 14, 11, 3, 7, 15
11, 3, 7, 15, 12, 4, 8, 16
12, 4, 8, 16, 13, 5, 9, 1
13, 5, 9, 1, 14, 6, 10, 2
14, 6, 10, 2, 15, 7, 11, 3
3, 11, 15, 7, 4, 12, 16, 8
4, 12, 16, 8, 5, 13, 1, 9
5, 13, 1, 9, 6, 14, 2, 10
6, 14, 2, 10, 7, 15, 3, 11
7, 15, 3, 11, 8, 16, 4, 12
8, 16, 4, 12, 9, 1, 5, 13
9, 1, 5, 13, 10, 2, 6, 14
10, 2, 6, 14, 11, 3, 7, 15
11, 3, 7, 15, 12, 4, 8, 16
12, 4, 8, 16, 13, 5, 9, 1
13, 5, 9, 1, 14, 6, 10, 2
14, 6, 10, 2, 15, 7, 11, 3
3, 11, 15, 7, 4, 12, 16, 8
4, 12, 16, 8, 5, 13, 1, 9
5, 13, 1, 9, 6, 14, 2, 10
6, 14, 2, 10, 7, 15, 3, 11
7, 15, 3, 11, 8, 16, 4, 12
8, 16, 4, 12, 9, 1, 5, 13
9, 1, 5, 13, 10, 2, 6, 14
10, 2, 6, 14, 11, 3, 7, 15
11, 3, 7, 15, 12, 4, 8, 16
12, 4, 8, 16, 13, 5, 9, 1
13, 5, 9, 1, 14, 6, 10, 2
14, 6, 10, 2, 15, 7, 11, 3
4, 12, 16, 8, 1, 9, 13, 5
5, 13, 1, 9, 2, 10, 14, 6
6, 14, 2, 10, 3, 11, 15, 7
7, 15, 3, 11, 4, 12, 16, 8
8, 16, 4, 12, 5, 13, 1, 9
9, 1, 5, 13, 6, 14, 2, 10
10, 2, 6, 14, 7, 15, 3, 11
11, 3, 7, 15, 8, 16, 4, 12
12, 4, 8, 16, 9, 1, 5, 13
13, 5, 9, 1, 10, 2, 6, 14
14, 6, 10, 2, 11, 3, 7, 15
15, 7, 11, 3, 12, 4, 8, 16
1, 9, 13, 5, 2, 10, 14, 6
2, 10, 14, 6, 3, 11, 15, 7
3, 11, 15, 7, 4, 12, 16, 8
4, 12, 16, 8, 5, 13, 1, 9
5, 13, 1, 9, 6, 14, 2, 10
6, 14, 2, 10, 7, 15, 3, 11
7, 15, 3, 11, 8, 16, 4, 12
8, 16, 4, 12, 9, 1, 5, 13
9, 1, 5, 13, 10, 2, 6, 14
10, 2, 6, 14, 11, 3, 7, 15
11, 3, 7, 15, 12, 4, 8, 16
12, 4, 8, 16, 13, 5, 9, 1
4, 12, 16, 8, 1, 9, 13, 5
5, 13, 1, 9, 2, 10, 14, 6
6, 14, 2, 10, 3, 11, 15, 7
7, 15, 3, 11, 4, 12, 16, 8
8, 16, 4, 12, 5, 13, 1, 9
9, 1, 5, 13, 6, 14, 2, 10
10, 2, 6, 14, 7, 15, 3, 11
11, 3, 7, 15, 8, 16, 4, 12
12, 4, 8, 16, 9, 1, 5, 13
13, 5, 9, 1, 10, 2, 6, 14
14, 6, 10, 2, 11, 3, 7, 15
15, 7, 11, 3, 12, 4, 8, 16
4, 12, 16, 8, 1, 9, 13, 5
5, 13, 1, 9, 2, 10, 14, 6
6, 14, 2, 10, 3, 11, 15, 7
7, 15, 3, 11, 4, 12, 16, 8
8, 16, 4, 12, 5, 13, 1, 9
9, 1, 5, 13, 6, 14, 2, 10
10, 2, 6, 14, 7, 15, 3, 11
11, 3, 7, 15, 8, 16, 4, 12
12, 4, 8, 16, 9, 1, 5, 13
13, 5, 9, 1, 10, 2, 6, 14
14, 6, 10, 2, 11, 3, 7, 15
15, 7, 11, 3, 12, 4, 8, 16
1, 9, 13, 5, 2, 10, 14, 6
2, 10, 14, 6, 3, 11, 15, 7
3, 11, 15, 7, 4, 12, 16, 8
4, 12, 16, 8, 5, 13, 1, 9
5, 13, 1, 9, 6, 14, 2, 10
6, 14, 2, 10, 7, 15, 3, 11
7, 15, 3, 11, 8, 16, 4, 12
8, 16, 4, 12, 9, 1, 5, 13
9, 1, 5, 13, 10, 2, 6, 14
10, 2, 6, 14, 11, 3, 7, 15
11, 3, 7, 15, 12, 4, 8, 16
12, 4, 8, 16, 13, 5, 9, 1
1, 9, 13, 5, 2, 10, 14, 6
2, 10, 14, 6, 3, 11, 15, 7
3, 11, 15, 7, 4, 12, 16, 8
4, 12, 16, 8, 5, 13, 1, 9
5, 13, 1, 9, 6, 14, 2, 10
6, 14, 2, 10, 7, 15, 3, 11
7, 15, 3, 11, 8, 16, 4, 12
8, 16, 4, 12, 9, 1, 5, 13
9, 1, 5, 13, 10, 2, 6, 14
10, 2, 6, 14, 11, 3, 7, 15
11, 3, 7, 15, 12, 4, 8, 16
12, 4, 8, 16, 13, 5, 9, 1
2, 10, 14, 6, 3, 11, 15, 7
3, 11, 15, 7, 4, 12, 16, 8
4, 12, 16, 8, 5, 13, 1, 9
5, 13, 1, 9, 6, 14, 2, 10
6, 14, 2, 10, 7, 15, 3, 11
7, 15, 3, 11, 8, 16, 4, 12
8, 16, 4, 12, 9, 1, 5, 13
9, 1, 5, 13, 10, 2, 6, 14
10, 2, 6, 14, 11, 3, 7, 15
11, 3, 7, 15, 12, 4, 8, 16
12, 4, 8, 16, 13, 5, 9, 1
13, 5, 9, 1, 14, 6, 10, 2
2, 10, 14, 6, 3, 11, 15, 7
3, 11, 15, 7, 4, 12, 16, 8
4, 12, 16, 8, 5, 13, 1, 9
5, 13, 1, 9, 6, 14, 2, 10
6, 14, 2, 10, 7, 15, 3, 11
7, 15, 3, 11, 8, 16, 4, 12
8, 16, 4, 12, 9, 1, 5, 13
9, 1, 5, 13, 10, 2, 6, 14
10, 2, 6, 14, 11, 3, 7, 15
11, 3, 7, 15, 12, 4, 8, 16
12, 4, 8, 16, 13, 5, 9, 1
13, 5, 9, 1, 14, 6, 10, 2
2, 10, 14, 6, 3, 11, 15, 7
3, 11, 15, 7, 4, 12, 16, 8
4, 12, 16, 8, 5, 13, 1, 9
5, 13, 1, 9, 6, 14, 2, 10
6, 14, 2, 10, 7, 15, 3, 11
7, 15, 3, 11, 8, 16, 4, 12
8, 16, 4, 12, 9, 1, 5, 13
9, 1, 5, 13, 10, 2, 6, 14
10, 2, 6, 14, 11, 3, 7, 15
11, 3, 7, 15, 12, 4, 8, 16
12, 4, 8, 16, 13, 5, 9, 1
13, 5, 9, 1, 14, 6, 10, 2
2, 10, 14, 6, 3, 11, 15, 7
3, 11, 15, 7, 4, 12, 16, 8
4, 12, 16, 8, 5, 13, 1, 9
5, 13, 1, 9, 6, 14, 2, 10
6, 14, 2, 10, 7, 15, 3, 11
7, 15, 3, 11, 8, 16, 4, 12
8, 16, 4, 12, 9, 1, 5, 13
9, 1, 5, 13, 10, 2, 6, 14
10, 2, 6, 14, 11, 3, 7, 15
11, 3, 7, 15, 12, 4, 8, 16
12, 4, 8, 16, 13, 5, 9, 1
13, 5, 9, 1, 14, 6, 10, 2
3, 11, 15, 7, 4, 12, 16, 8
4, 12, 16, 8, 5, 13, 1, 9
5, 13, 1, 9, 6, 14, 2, 10
6, 14, 2, 10, 7, 15, 3, 11
7, 15, 3, 11, 8, 16, 4, 12
8, 16, 4, 12, 9, 1, 5, 13
9, 1, 5, 13, 10, 2, 6, 14
10, 2, 6, 14, 11, 3, 7, 15
11, 3, 7, 15, 12, 4, 8, 16
12, 4, 8, 16, 13, 5, 9, 1
13, 5, 9, 1, 14, 6, 10, 2
14, 6, 10, 2, 15, 7, 11, 3
